[717.418518,59.528976]
[228.524536,269.142822]
[373.813995,204.688660]
[258.250366,418.594177]
[293.668365,149.770828]
[373.824219,204.698029]
[112.588272,418.485321]
[402.876831,212.049225]
[35.476250,416.371490]
[289.073944,128.263763]
[280.232269,282.146759]
[381.344696,221.949585]
[11.174762,416.751923]
[308.407867,185.096863]
[376.916412,122.675560]
[16.603928,416.756989]
[392.403015,234.691833]
[261.343323,402.789032]
[16.609247,416.756317]
[11.172762,416.750519]
[717.486389,412.846039]
[298.273254,284.597748]
[383.809723,323.424530]
[255.779541,215.176056]
[308.091614,286.987183]
[288.672424,204.015701]
[308.553650,283.851227]
[315.691010,319.810303]
[402.768768,204.115891]
[255.789749,215.169540]
[206.674194,418.463776]
[289.067047,128.261230]
[345.178894,286.210083]
[521.973022,260.640320]
[288.672668,204.015274]
[278.399994,201.470795]
[616.942993,418.464844]
[345.193298,286.243286]
[667.569885,418.514832]
[393.097656,353.224609]
[351.006866,178.020828]
[225.850555,270.450684]
[392.399872,234.675858]
[320.012512,379.604095]
[238.895813,300.772797]
[463.571564,403.513550]
[53.674892,416.700867]
[233.717422,257.387024]
[338.439697,380.438171]
[572.307251,418.508636]
[281.633759,330.901398]
[373.814423,204.720795]
[295.079193,331.518646]
[39.995361,397.013702]
[52.897758,400.498993]
[348.869904,368.134674]
[53.069511,400.993378]
[405.495270,418.439941]
[517.709839,418.302917]
[391.228577,339.621185]
[53.674419,416.695709]
[453.464600,269.859436]
[17.865505,390.103241]
[499.054932,232.989609]
[53.073288,400.989960]
[311.405884,348.290344]
[169.904892,395.023041]
[53.677361,416.696503]
[228.782196,267.317780]
[376.009888,283.486023]
[402.885162,212.020630]
[52.968754,398.591980]
[35.470261,416.372314]
[29.831932,390.367554]
[373.826416,204.693695]
[307.003296,282.970123]
[373.825531,204.697067]
[288.663544,204.020065]
[389.256744,403.784546]
[383.617554,112.646851]
[338.441437,380.445465]
[53.302773,405.072418]
[374.701691,297.800079]
[255.782227,215.174530]
[308.545197,283.856171]
[402.878571,212.048019]
[53.676624,416.705688]
[499.054871,232.985245]
[348.076447,343.782715]
[261.286499,402.839569]
[281.410614,331.077484]
[320.010529,379.609650]
[234.488083,254.228333]
[52.936523,399.370239]
[278.396027,201.468246]
[488.933655,221.285141]
[492.836517,211.098511]
[587.832642,390.983093]
[17.198101,390.090515]
[392.402008,234.690826]
[131.579361,418.294708]
[366.081055,333.622101]
[371.059937,329.634949]
[464.436523,229.962814]
[575.877441,394.612640]
[485.469269,222.560837]
[587.822632,390.965332]
[338.440582,380.449524]
[174.121902,345.083344]
[267.924072,372.564056]
[376.020355,283.489716]
[29.844749,390.402374]
[13.317250,389.645660]
[29.831669,390.372772]
[271.435211,212.414673]
[306.415588,359.631409]
[234.282333,254.760345]
[307.016815,282.947357]
[342.640228,290.103302]
[420.467041,400.315643]
[338.442474,380.438721]
[308.407379,185.097672]
[521.769775,260.951874]
[587.829651,390.977356]
[611.608765,389.905975]
[402.878632,212.045837]
[228.568436,269.132965]
[381.292938,221.979141]
[393.675598,208.240768]
[340.771851,289.589142]
[380.030151,357.046661]
[587.829407,390.976807]
[342.595032,290.088715]
[263.561096,199.182465]
[300.542816,273.320709]
[278.035797,332.839417]
[492.841522,211.156998]
[70.162384,361.659485]
[532.523743,401.403229]
[18.939215,347.619354]
[447.771027,418.342194]
[199.307877,265.949829]
[59.297970,352.546997]
[500.305725,253.204742]
[383.617950,112.570335]
[266.783783,361.668671]
[351.008667,178.012421]
[17.166965,389.615173]
[294.361694,150.269363]
[179.183456,335.102234]
[381.311920,221.970276]
[499.065796,232.599442]
[238.921417,300.774200]
[288.661102,204.020599]
[488.940826,221.284531]
[311.451385,293.672943]
[499.052673,232.966110]
[348.868164,368.135040]
[214.616760,317.305542]
[392.602386,214.448425]
[320.012482,379.604584]
[587.825317,390.969513]
[363.094482,335.641663]
[13.614396,389.464935]
[394.473541,211.023376]
[224.681107,418.399902]
[351.034851,356.724854]
[348.870728,368.133636]
[342.445007,290.007782]
[503.949219,247.886368]
[217.330307,392.664581]
[378.204285,382.315552]
[444.430298,235.134140]
[202.217010,402.777802]
[255.014801,213.803207]
[208.669785,266.042908]
[17.209192,390.087189]
[254.713943,210.796768]
[13.784878,389.437744]
[13.444613,389.552795]
[122.052605,402.356201]
[262.282959,200.834274]
[308.102020,286.982971]
[17.216106,390.090240]
[214.612518,317.313324]
[599.842896,397.633606]
[434.889954,260.859009]
[481.732483,224.007278]
[283.609100,312.053345]
[308.415253,185.096298]
[311.313049,348.282684]
[255.779266,215.176025]
[376.022095,283.488037]
[279.129517,310.215759]
[212.846191,274.291626]
[305.021790,396.184265]
[307.012177,282.953430]
[478.789368,223.940582]
[303.996979,376.059540]
[434.832581,260.830048]
[309.742126,324.057709]
[496.441406,402.978729]
[-1.000000,-1.000000]
[374.744995,295.132324]
[249.550430,400.574646]
[17.217436,390.086517]
[587.826721,390.972839]
[451.104980,254.211990]
[257.615204,208.137131]
[210.234436,265.582520]
[122.463455,402.272461]
[311.442841,293.686035]
[217.372253,388.573334]
[345.179596,286.211060]
[149.939728,418.317200]
[365.014130,297.462646]
[387.436646,208.775009]
[82.184723,418.242523]
[199.419556,265.861755]
[177.276703,335.371307]
[465.784241,228.436447]
[272.369873,197.781036]
[161.993469,356.463898]
[492.840942,211.158401]
[465.780823,228.441422]
[383.280212,345.732727]
[-1.000000,-1.000000]
[383.614471,112.644272]
[351.005798,178.019028]
[614.736633,403.167542]
[402.885345,212.023254]
[420.474304,400.337067]
[285.281891,320.544434]
[344.035889,351.751465]
[588.877441,380.628876]
[509.606354,262.195496]
[99.155586,360.640015]
[255.782455,215.174957]
[344.202820,157.446381]
[216.517593,268.603760]
[110.214539,396.686096]
[306.377197,359.111053]
[17.158981,389.614807]
[344.213593,157.450714]
[369.638733,418.517578]
[477.591797,223.988876]
[216.058441,399.589325]
[179.081131,335.116882]
[303.997284,376.061096]
[308.528473,283.868347]
[358.440247,268.775787]
[587.826050,390.970947]
[381.265656,221.984726]
[470.565247,295.381378]
[347.029816,322.547394]
[380.038696,357.036743]
[470.209625,290.989838]
[447.778320,418.343079]
[88.853607,353.906708]
[230.313217,388.427063]
[29.834204,390.364105]
[601.833801,392.632690]
[307.019745,282.944366]
[214.596085,317.314667]
[316.109467,176.738632]
[149.940536,418.317413]
[238.870682,300.773865]
[558.691040,402.044403]
[402.883270,212.026550]
[-1.000000,-1.000000]
[451.183685,260.363647]
[557.214722,381.702393]
[373.825623,204.694702]
[454.989319,264.714172]
[345.345306,274.232819]
[376.946381,122.670181]
[199.410461,265.865601]
[314.742706,155.217056]
[88.857727,353.907593]
[376.018127,283.488159]
[261.337524,402.796692]
[394.018799,220.790359]
[229.929337,265.815918]
[367.071228,339.668335]
[234.327362,254.643799]
[591.876465,378.619568]
[300.538177,273.307251]
[464.241882,417.088440]
[454.151154,234.734238]
[341.019714,351.762909]
[311.466370,293.655640]
[227.006927,375.816833]
[249.606232,215.783966]
[717.482544,412.846039]
[466.604553,227.973175]
[230.015503,399.269379]
[311.316406,348.276031]
[214.610748,317.314758]
[405.495392,418.439972]
[208.718872,266.029846]
[311.929138,324.437408]
[29.416126,415.428040]
[276.402832,308.268555]
[587.827576,390.973450]
[109.121658,366.640198]
[587.823730,390.967896]
[482.127502,224.033630]
[255.780975,215.176788]
[308.546967,283.856018]
[122.023064,354.250244]
[96.098396,360.647186]
[255.782242,215.174942]
[53.676208,416.702576]
[271.442474,212.408936]
[311.439911,293.682953]
[428.176361,382.950745]
[76.171890,361.643646]
[290.854370,333.762115]
[297.986603,284.735138]
[88.844383,353.906097]
[223.178162,253.930618]
[211.939301,281.966187]
[465.778442,228.446472]
[599.852966,378.642944]
[402.887787,212.016617]
[280.222595,282.141541]
[402.773254,204.115387]
[347.040588,322.557556]
[230.015121,399.269348]
[225.176071,284.913422]
[122.041489,402.360413]
[348.870789,368.133392]
[573.881042,405.146179]
[306.958954,357.539215]
[487.821106,229.726639]
[113.569534,385.296356]
[311.426361,293.698944]
[24.988403,402.004761]
[126.636688,375.200012]
[271.458954,212.411041]
[209.261047,253.144135]
[327.850830,298.705292]
[473.081451,289.881409]
[311.431976,293.695343]
[453.971375,229.397781]
[113.098969,380.622101]
[455.279144,384.037323]
[218.566803,269.419373]
[293.853027,152.279510]
[389.411835,211.748306]
[254.738815,210.778259]
[88.190826,353.920563]
[131.580276,418.294159]
[308.101227,286.983887]
[339.014008,357.766174]
[609.797363,400.647583]
[176.901840,418.458923]
[-1.000000,-1.000000]
[211.908981,281.968292]
[332.368896,278.064087]
[431.338745,259.637817]
[347.031281,322.542145]
[347.038177,322.555023]
[211.945816,253.756729]
[332.345551,277.504578]
[272.509827,197.925262]
[499.423462,257.487122]
[451.627716,254.381195]
[611.601013,389.889923]
[112.463913,389.428955]
[534.261353,378.989746]
[13.006257,401.011963]
[306.312958,358.736603]
[301.329041,309.373138]
[466.699341,226.234131]
[234.082169,255.516357]
[348.039948,353.725769]
[298.331268,284.582428]
[52.936501,399.353760]
[55.200226,362.662506]
[162.125320,356.541351]
[470.624298,295.054840]
[115.087502,371.611450]
[82.176620,418.246521]
[281.910736,330.757812]
[310.269409,283.668793]
[216.383621,396.682739]
[225.846771,270.458008]
[311.368225,348.286560]
[389.253632,403.794861]
[52.936172,398.815765]
[116.079025,375.647705]
[176.782028,418.457153]
[254.712387,210.797592]
[238.653717,301.310028]
[597.866028,375.653564]
[476.322052,220.062149]
[306.957550,357.533752]
[90.748367,353.812653]
[499.048523,232.945572]
[482.348877,224.101181]
[17.161465,389.629791]
[465.782684,228.440140]
[587.829834,390.979034]
[95.014000,417.802338]
[254.712433,210.797012]
[203.431732,274.514313]
[278.391327,201.474854]
[380.032715,357.043274]
[214.166153,394.129089]
[191.813385,345.411591]
[244.541000,215.657211]
[367.112122,354.698273]
[255.742828,215.277206]
[29.968033,390.445801]
[372.061493,334.642151]
[308.374359,185.126801]
[308.551208,283.851898]
[481.908264,226.547089]
[199.397827,265.883545]
[59.328327,352.533691]
[95.005272,417.803253]
[53.610195,416.045563]
[227.008789,375.817993]
[228.544159,269.128723]
[280.242004,282.168518]
[534.262695,378.984863]
[392.403412,353.553497]
[113.853989,383.931183]
[202.217102,402.777557]
[532.524170,401.403229]
[254.712204,210.799530]
[216.538010,268.586731]
[62.213684,362.640442]
[123.824020,369.843414]
[351.070496,340.707703]
[604.817749,377.641815]
[413.447021,358.453979]
[465.788818,228.431427]
[308.105042,286.982544]
[84.100739,377.185699]
[558.691162,402.045441]
[465.787384,228.432404]
[253.243988,207.065643]
[230.495316,374.200439]
[373.814575,204.718735]
[303.997894,376.062408]
[205.349792,387.962036]
[517.712402,418.304138]
[305.060547,396.151978]
[455.278107,384.043518]
[488.949493,221.275787]
[271.387299,212.388260]
[364.003387,308.745209]
[86.109886,403.313477]
[330.636444,292.409454]
[125.585320,372.577209]
[225.857101,270.449097]
[42.199181,360.658813]
[228.549957,269.125916]
[225.209106,284.931671]
[18.939901,347.616364]
[216.539291,268.583618]
[476.319458,220.049149]
[17.158150,389.607056]
[338.441132,380.434601]
[476.320435,220.089828]
[88.114151,406.305664]
[311.427368,293.685852]
[380.203278,342.856506]
[306.919067,358.429230]
[369.308990,118.378258]
[86.285950,402.053955]
[245.931610,218.139084]
[254.944946,218.329254]
[255.781448,215.175415]
[203.179001,360.236450]
[59.480309,380.758881]
[344.047485,355.739349]
[238.913696,300.773163]
[212.766403,274.424469]
[72.114532,392.608337]
[504.560211,417.117645]
[281.600006,330.912323]
[472.962524,286.697571]
[226.084457,367.156097]
[347.032837,322.543976]
[507.654694,411.109955]
[44.996490,386.101501]
[611.595337,389.896271]
[271.335724,212.382721]
[285.618317,321.831512]
[198.054123,389.609283]
[205.336243,387.947876]
[717.497681,383.624054]
[479.046265,223.885956]
[303.081421,366.362305]
[484.211151,262.922699]
[381.295929,221.976959]
[106.133644,390.633270]
