[717.430115,59.529713]
[222.286163,284.934601]
[374.713043,205.291885]
[258.434265,418.481781]
[297.087799,145.754166]
[374.720337,205.304001]
[112.249344,418.403564]
[406.619537,213.417450]
[35.502865,416.384766]
[295.714996,123.582268]
[272.196503,243.588791]
[377.696075,220.497864]
[11.180872,416.751526]
[308.465210,183.847092]
[383.597870,124.956566]
[16.606920,416.758636]
[394.404755,234.137390]
[261.591278,402.261963]
[16.611679,416.757812]
[11.178610,416.750397]
[717.491577,412.250702]
[307.091949,284.019592]
[383.815369,322.714294]
[253.912567,217.586899]
[283.152893,284.404541]
[290.391144,202.103149]
[286.795471,241.054611]
[285.228333,297.573547]
[405.379944,204.858734]
[253.932175,217.574768]
[206.786804,418.438873]
[295.708557,123.573570]
[346.235138,286.657166]
[461.051697,304.125092]
[290.391541,202.102432]
[278.668640,196.151062]
[617.188049,418.430511]
[346.216370,286.724152]
[667.242981,418.480774]
[393.083679,352.483185]
[350.711151,183.215302]
[230.575943,290.934784]
[394.402161,234.118698]
[319.413239,380.140778]
[269.677124,354.925171]
[463.641876,403.096832]
[53.695755,416.646545]
[242.703415,238.598907]
[338.339081,379.955414]
[572.357056,418.507782]
[279.240967,324.647095]
[374.715027,205.351303]
[296.040833,330.944916]
[40.008095,396.993225]
[52.896927,400.436035]
[348.849335,367.459564]
[53.069618,400.920502]
[405.466431,418.247314]
[518.158569,418.249756]
[391.224792,338.874146]
[53.694473,416.640503]
[453.432434,268.664795]
[17.837383,390.068420]
[511.847809,270.629608]
[53.073479,400.917114]
[311.928864,344.470062]
[169.789429,394.373077]
[53.697659,416.641602]
[221.820236,283.431763]
[378.363708,284.662872]
[406.626373,213.390564]
[52.964447,398.512238]
[35.496632,416.385559]
[29.805183,390.321960]
[374.722351,205.297150]
[310.194305,283.945862]
[374.721985,205.302765]
[290.376251,202.121506]
[389.477661,403.480957]
[392.222229,115.170769]
[338.340027,379.964905]
[53.306885,405.026672]
[374.972290,297.674988]
[253.917038,217.584244]
[286.789368,241.038315]
[406.621063,213.416138]
[53.697243,416.651123]
[511.856354,270.633911]
[348.055389,342.986084]
[261.522339,402.310883]
[279.239014,324.652283]
[319.411224,380.150360]
[243.067566,237.473099]
[52.933773,399.286987]
[278.677856,196.150055]
[506.281250,243.666656]
[516.367371,260.826111]
[587.915771,390.349762]
[17.170015,390.056976]
[394.403442,234.135376]
[131.237793,418.203186]
[366.033936,332.935638]
[371.024689,328.952576]
[482.275604,246.533005]
[575.961243,393.947113]
[506.288879,247.950928]
[587.905396,390.335205]
[338.338776,379.970673]
[173.881653,345.611938]
[260.323822,379.690643]
[378.372528,284.668671]
[29.818113,390.356995]
[13.284974,389.612762]
[29.805212,390.327332]
[262.414917,215.135406]
[308.680328,359.296600]
[243.064743,237.495941]
[310.203461,283.946259]
[344.866547,291.778442]
[420.440369,399.615234]
[338.341675,379.955841]
[308.464355,183.847687]
[461.049744,304.131561]
[587.912720,390.345428]
[611.675232,389.226898]
[406.621002,213.414307]
[222.288406,284.952637]
[377.633087,220.579025]
[392.067627,206.705444]
[344.820496,291.750488]
[380.025421,356.337830]
[587.912476,390.345154]
[344.855499,291.770935]
[254.838089,202.010406]
[312.163544,274.752777]
[278.021179,340.967285]
[516.258972,260.972290]
[69.994629,360.986237]
[532.585327,400.506439]
[18.768328,346.940918]
[447.313354,418.328247]
[194.578751,299.164429]
[59.096367,351.863373]
[474.335907,276.670624]
[392.252502,115.111115]
[267.974854,365.981567]
[350.713684,183.203476]
[17.135065,389.581665]
[299.930176,172.795914]
[177.695114,304.359894]
[377.653076,220.556595]
[511.840881,270.531769]
[269.684113,354.923340]
[290.372803,202.122375]
[506.281067,243.666397]
[317.694641,290.637726]
[511.842621,270.618683]
[348.847809,367.460358]
[226.727264,349.190765]
[390.261688,212.512650]
[319.413239,380.141388]
[587.908264,390.338684]
[363.017151,334.955688]
[13.581071,389.433838]
[393.124817,209.421219]
[224.746368,418.420929]
[351.018921,356.012329]
[348.850311,367.458801]
[344.842865,291.748657]
[508.913635,272.844269]
[218.233871,389.964569]
[378.388428,381.738831]
[444.960052,237.033768]
[202.187820,402.143860]
[253.181244,215.716309]
[212.492020,265.937744]
[17.181061,390.053619]
[252.381897,212.059372]
[13.748962,389.406250]
[13.412546,389.520660]
[121.850266,401.600800]
[254.063736,203.022202]
[283.153687,284.403351]
[17.188578,390.057068]
[226.726807,349.191101]
[599.915466,396.941010]
[437.882782,260.552155]
[506.820709,242.895340]
[292.010193,339.953949]
[308.470337,183.848053]
[311.859100,344.483185]
[253.912125,217.587906]
[378.373871,284.666138]
[296.027618,334.938507]
[220.617035,300.271576]
[305.181549,395.744812]
[310.200165,283.946808]
[507.362610,248.199173]
[297.150574,380.984619]
[437.808777,260.509338]
[285.138824,295.141663]
[496.510193,402.316772]
[-1.000000,-1.000000]
[375.074615,294.998199]
[249.805862,400.763214]
[17.189785,390.052979]
[587.909729,390.341431]
[452.539185,255.837860]
[254.768173,209.452484]
[213.648834,265.757996]
[122.273895,401.513855]
[317.689484,290.640594]
[218.194580,384.885803]
[346.234589,286.659088]
[150.315643,418.250824]
[365.303314,296.961670]
[386.743073,207.772186]
[82.153038,418.015594]
[194.644669,299.072601]
[177.611176,304.441284]
[481.441315,246.462906]
[256.740173,199.883087]
[161.936844,355.732086]
[516.257812,260.975586]
[481.457153,246.465240]
[383.277649,345.014526]
[-1.000000,-1.000000]
[392.218231,115.168068]
[350.710785,183.213135]
[614.889954,402.963165]
[406.626251,213.393478]
[420.447937,399.635986]
[279.237579,324.652374]
[344.029266,350.993042]
[588.946716,379.972015]
[477.318756,291.919617]
[99.017532,359.985809]
[253.918686,217.583557]
[343.244751,158.477936]
[227.137680,259.600281]
[110.028374,395.945953]
[308.715881,358.801331]
[17.126894,389.581268]
[343.255219,158.480911]
[369.155304,418.485138]
[488.995117,245.706375]
[217.140182,399.009216]
[177.691437,304.368408]
[297.146301,380.987274]
[286.781067,241.007080]
[354.262360,269.908386]
[587.909180,390.339874]
[377.607605,220.603058]
[462.692932,294.701660]
[347.054382,321.755127]
[380.033844,356.329041]
[465.470306,290.470490]
[447.320190,418.328918]
[88.748672,353.256836]
[231.273254,385.049225]
[29.807365,390.318359]
[601.901489,391.944763]
[310.205383,283.945587]
[226.726929,349.191742]
[303.499756,158.439606]
[150.317688,418.250916]
[269.672913,354.926025]
[558.735718,401.203552]
[406.624756,213.395889]
[225.846558,237.697525]
[453.696716,261.756653]
[557.278931,381.058075]
[374.721313,205.298355]
[455.266571,264.658356]
[346.457764,273.864746]
[383.631317,124.957832]
[194.639114,299.077026]
[315.682373,153.408066]
[88.752357,353.257568]
[378.370789,284.666412]
[261.579590,402.270081]
[395.634430,222.150726]
[217.545090,296.628784]
[367.028381,338.939178]
[243.065918,237.483154]
[591.947998,377.959137]
[312.160767,274.752380]
[464.014587,416.846405]
[453.691528,237.336243]
[341.029602,350.998932]
[317.691956,290.636841]
[226.120056,367.032837]
[245.687561,218.378128]
[717.487976,412.250732]
[494.248932,244.076538]
[232.574326,398.707184]
[311.861969,344.467621]
[226.726349,349.191254]
[405.467773,418.247528]
[212.536316,265.940186]
[313.315979,322.503845]
[29.438818,415.440216]
[285.074524,303.917328]
[587.910522,390.341949]
[109.013512,365.977631]
[587.906128,390.336823]
[506.849854,242.877579]
[253.914520,217.588486]
[286.789368,241.039368]
[121.925827,353.577911]
[95.977028,359.991089]
[253.917114,217.584793]
[53.696320,416.647980]
[262.423462,215.138016]
[317.682800,290.642975]
[428.132660,382.224091]
[76.017937,360.977325]
[296.036041,326.941071]
[307.016205,284.020691]
[88.739426,353.256042]
[226.276810,243.309387]
[222.112961,309.522095]
[481.452698,246.467117]
[599.911194,377.958771]
[406.628235,213.386932]
[272.194092,243.615936]
[405.386627,204.857834]
[347.064484,321.764923]
[232.573868,398.706879]
[237.883743,273.545227]
[121.840073,401.604218]
[348.850220,367.458496]
[573.968811,405.006592]
[309.500610,357.589355]
[501.945068,259.384583]
[113.448730,384.611023]
[317.692810,290.640381]
[25.000971,402.001190]
[126.549461,374.515045]
[262.424744,215.139160]
[198.709122,273.077850]
[327.016693,302.398560]
[467.309448,290.851471]
[317.687775,290.641602]
[451.738007,230.984604]
[112.985695,379.973114]
[455.386810,383.187378]
[220.601303,271.587738]
[299.368317,174.164993]
[388.037537,209.899704]
[252.399109,212.045120]
[88.062790,353.270477]
[131.239624,418.202942]
[283.153809,284.402588]
[339.024994,357.001312]
[609.888306,399.947144]
[176.940048,418.460175]
[177.032654,300.343414]
[222.076675,309.532715]
[334.406769,279.230927]
[434.658417,259.569885]
[347.055328,321.749817]
[347.062195,321.762421]
[201.574738,273.091400]
[335.069946,276.622986]
[255.889801,200.815903]
[470.514954,282.442017]
[452.778534,255.938354]
[611.669006,389.217651]
[112.305534,388.682098]
[534.326111,378.231262]
[13.011338,400.999023]
[308.642090,358.550659]
[309.233917,305.918030]
[482.131592,239.388138]
[243.036499,237.684372]
[348.023346,353.004944]
[307.113342,284.018982]
[52.933987,399.270172]
[54.993206,361.989868]
[162.069778,355.805450]
[462.874329,294.543671]
[114.990807,370.957062]
[82.145798,418.020630]
[279.242279,324.647980]
[292.574371,282.217072]
[217.185577,394.993683]
[230.577286,290.936188]
[311.895752,344.461700]
[389.473724,403.491028]
[52.931057,398.728882]
[115.977951,375.001373]
[176.806519,418.455780]
[252.381561,212.059128]
[269.466278,355.398468]
[597.913696,374.972748]
[487.863800,238.458893]
[309.499908,357.585632]
[90.632668,353.162537]
[511.834259,270.610474]
[506.873291,242.868469]
[17.129847,389.596252]
[481.451904,246.466309]
[587.913208,390.346710]
[94.935211,417.581604]
[252.381668,212.058609]
[211.073685,261.374695]
[278.675720,196.150452]
[380.028595,356.334625]
[214.039108,393.004639]
[189.791946,345.325562]
[239.184982,219.767242]
[367.087311,354.043579]
[253.898865,217.761154]
[29.939110,390.400024]
[372.028839,333.951660]
[308.479065,183.848389]
[286.798218,241.053314]
[504.022400,248.661407]
[194.631393,299.094818]
[59.128304,351.848236]
[94.927109,417.582367]
[53.624153,415.994049]
[226.122910,367.023956]
[222.267319,284.950348]
[272.204559,243.613770]
[534.327454,378.226654]
[392.399750,352.810333]
[113.728714,383.294373]
[202.187988,402.143402]
[532.585388,400.506653]
[252.381088,212.061234]
[227.142593,259.604095]
[62.011494,361.971680]
[123.737518,369.204163]
[351.022308,339.999939]
[604.881653,376.955902]
[413.427246,357.748596]
[481.444489,246.461441]
[283.152710,284.403259]
[83.955292,376.570526]
[558.735962,401.204407]
[481.442200,246.461929]
[249.533966,208.919098]
[231.209503,380.049957]
[374.714325,205.346954]
[297.150818,380.986847]
[205.301132,387.314453]
[518.160889,418.250549]
[305.230072,395.720917]
[455.385986,383.192627]
[506.279572,243.666077]
[262.401398,215.124084]
[364.053864,307.963379]
[86.078140,402.965088]
[327.168030,299.498718]
[125.507980,371.914520]
[230.578003,290.935486]
[41.986526,359.993652]
[222.268509,284.951508]
[237.880264,273.546631]
[18.769287,346.937744]
[227.141129,259.604858]
[487.895874,238.471741]
[17.126026,389.573364]
[338.340881,379.951050]
[487.864777,238.462860]
[88.085388,405.975647]
[317.688385,290.639801]
[380.203705,342.125732]
[309.498077,358.280487]
[376.493561,120.945168]
[86.179077,401.417236]
[241.347153,221.717194]
[253.440506,221.216507]
[253.915771,217.586563]
[203.037811,359.915131]
[59.378990,380.356659]
[344.036072,354.995239]
[269.679932,354.924713]
[220.546677,300.392120]
[71.979691,391.992188]
[504.917603,416.982178]
[279.243042,324.647797]
[468.680115,288.230927]
[224.954849,362.013336]
[347.057343,321.751495]
[507.888245,410.973907]
[45.003002,385.990234]
[611.662964,389.223785]
[262.396027,215.118210]
[290.030914,334.935822]
[197.992096,388.933380]
[205.287659,387.302551]
[717.499207,383.606476]
[506.513855,249.318848]
[299.537262,367.012634]
[470.343903,277.732849]
[377.635651,220.574738]
[105.995590,389.935272]
