[58.504848,398.066010]
[93.630280,257.326416]
[829.890747,298.796936]
[646.146667,224.645355]
[427.306885,152.162720]
[411.453857,153.351532]
[427.324951,152.178772]
[-1.000000,-1.000000]
[658.062866,348.928131]
[609.188782,254.614304]
[829.888489,298.799347]
[93.700012,257.370422]
[374.427002,242.365448]
[408.279663,193.420624]
[440.996094,152.386063]
[664.730164,152.393768]
[473.762024,185.681229]
[629.450195,259.843018]
[397.769958,184.523621]
[665.271667,150.641998]
[804.998413,178.771072]
[677.504944,141.467422]
[397.748718,184.510773]
[441.002045,152.376663]
[411.465820,155.917328]
[837.512268,219.270935]
[411.468445,155.922623]
[628.096130,332.919342]
[473.771729,185.681320]
[534.529297,90.532951]
[473.761261,185.679825]
[411.460968,153.765427]
[663.048767,47.958775]
[642.479065,292.592712]
[629.454285,259.833954]
[139.202133,233.255905]
[525.163391,91.647690]
[397.742096,184.528168]
[677.278564,35.837448]
[411.454224,152.211349]
[626.836731,345.356812]
[360.512115,235.491013]
[427.308502,152.180191]
[665.265137,150.656723]
[661.072632,31.039785]
[677.499939,141.463623]
[626.837891,345.351776]
[829.888489,298.799347]
[441.014923,152.366974]
[269.765076,246.920090]
[397.739868,184.524017]
[575.843445,247.202576]
[784.263611,322.281281]
[494.167297,240.611099]
[111.835815,190.794281]
[6.607207,261.758545]
[829.553467,186.735352]
[759.296021,157.561737]
[546.574890,227.215851]
[763.300110,363.573120]
[579.855347,69.293076]
[496.898376,149.597321]
[829.566162,186.734268]
[441.000061,152.389709]
[639.663452,159.449203]
[523.434570,91.577660]
[658.050049,37.022758]
[468.276031,195.715729]
[773.002563,360.604187]
[115.385864,337.475250]
[829.887207,298.797577]
[411.455811,153.942551]
[642.492065,292.607788]
[518.992493,127.381317]
[664.733765,152.387634]
[662.906250,47.999771]
[455.243347,152.930313]
[686.560303,187.700012]
[409.111877,113.135078]
[579.837402,69.291138]
[194.667297,276.846069]
[664.729614,152.392563]
[139.225037,233.252640]
[-1.000000,-1.000000]
[665.252869,150.654510]
[409.342285,92.561348]
[644.400391,326.512604]
[427.296631,152.172256]
[759.295044,157.560593]
[764.649841,332.233795]
[810.909790,150.746536]
[420.398956,152.227386]
[154.477448,222.548218]
[121.616821,239.113434]
[677.284302,35.823471]
[121.613968,239.113251]
[249.181183,150.499939]
[440.891022,152.374344]
[664.075806,33.991554]
[640.452515,165.748230]
[524.290161,91.565033]
[837.894653,304.242462]
[420.355194,151.675842]
[526.117554,106.953880]
[454.187988,149.852493]
[534.546021,90.544609]
[516.971802,122.083160]
[519.188232,106.902054]
[519.081726,124.222076]
[185.745590,173.801392]
[236.849655,196.681946]
[129.063080,345.948364]
[826.252319,298.527771]
[689.465576,353.519165]
[826.176270,292.282837]
[457.935608,156.918747]
[142.558075,215.822556]
[460.511993,91.572800]
[663.005371,47.994663]
[829.898560,299.087708]
[677.430420,141.102264]
[456.146210,179.594513]
[729.741455,416.575623]
[139.210266,233.256851]
[501.142456,120.140930]
[829.886963,298.789459]
[793.404175,135.599319]
[500.423920,120.158577]
[498.161896,54.067402]
[663.019531,48.015324]
[199.406693,245.852661]
[109.995064,224.255096]
[664.708008,153.219971]
[128.132233,338.900879]
[708.164124,178.604401]
[644.401123,326.518433]
[460.653229,92.030792]
[665.252136,150.654724]
[640.815796,264.038147]
[722.180237,353.956848]
[677.280579,35.842522]
[670.060059,23.043493]
[780.279297,359.042969]
[813.136414,154.124023]
[661.378296,75.556641]
[551.174683,150.260239]
[609.193054,254.617157]
[853.041260,205.603256]
[633.456360,58.560841]
[838.070374,200.120041]
[513.399292,121.343620]
[677.389771,142.056244]
[819.105591,391.955780]
[577.191956,87.183304]
[93.628654,257.312988]
[551.156799,150.256195]
[632.629883,72.523972]
[662.989807,47.909325]
[653.626038,363.007690]
[413.253235,179.192444]
[531.118774,107.041061]
[730.133667,378.965790]
[752.238281,328.489716]
[727.979736,433.246765]
[142.270416,341.631378]
[-1.000000,-1.000000]
[523.436462,91.573517]
[441.000061,152.389709]
[766.375244,167.526764]
[169.024521,324.790009]
[817.637329,142.084000]
[818.923279,188.234055]
[736.632568,324.731659]
[450.321594,198.542130]
[449.881714,319.523834]
[-1.000000,-1.000000]
[628.063293,358.965057]
[525.161377,91.646713]
[826.125732,292.117523]
[804.950928,178.750992]
[857.292603,230.715088]
[817.622986,142.118439]
[516.798828,126.162483]
[510.059082,67.017616]
[-1.000000,-1.000000]
[736.639526,324.726196]
[538.113220,107.020248]
[664.767639,153.443359]
[677.424072,141.101166]
[449.327820,322.641571]
[524.277344,91.527313]
[659.110168,64.012329]
[509.731232,236.906296]
[677.293030,35.820801]
[626.509949,362.806427]
[523.441101,91.574997]
[738.998596,343.937897]
[8.347122,287.116882]
[500.430328,120.153664]
[837.517761,219.279053]
[736.637390,324.726440]
[194.655716,276.834229]
[664.730286,152.391495]
[653.940430,292.348816]
[566.106934,68.943710]
[653.940552,292.301880]
[115.377014,337.474487]
[677.448181,141.111633]
[118.431641,350.892914]
[663.029724,48.002628]
[-1.000000,-1.000000]
[521.024048,122.151413]
[-1.000000,-1.000000]
[374.428589,242.370087]
[780.090942,359.204163]
[464.868683,114.231316]
[528.043762,66.365799]
[857.295044,230.734390]
[683.859924,191.208069]
[115.802071,186.684006]
[644.400208,326.517212]
[830.050049,299.885406]
[762.330017,161.761261]
[663.420044,47.178104]
[190.662659,319.926422]
[632.262634,87.781494]
[157.998566,351.657135]
[494.168701,240.591492]
[840.954346,240.801758]
[727.984009,433.236267]
[859.161255,229.862976]
[663.100586,21.038883]
[560.534058,149.544220]
[708.796814,361.937408]
[516.979858,121.630272]
[697.457764,143.359238]
[663.429749,47.168823]
[32.091202,369.947357]
[662.950195,48.019550]
[559.433655,149.021271]
[784.284485,322.278534]
[460.584259,91.856209]
[780.278137,359.004120]
[120.641754,354.695129]
[663.427368,47.163956]
[784.998047,318.965912]
[677.427795,141.100494]
[432.835602,407.597534]
[168.822281,301.117615]
[374.428833,242.366486]
[37.535660,359.509369]
[580.305237,68.985504]
[171.406403,330.015839]
[86.740540,206.914688]
[-1.000000,-1.000000]
[12.129871,308.882812]
[525.168579,115.088509]
[524.125916,91.657242]
[662.079773,61.028072]
[835.529480,215.253174]
[666.054626,359.919647]
[352.061157,237.742691]
[806.773987,405.227051]
[773.002869,360.605743]
[595.065002,87.415756]
[8.346512,287.119568]
[857.285217,230.683487]
[460.531921,91.562859]
[713.440002,325.474274]
[663.089600,25.051510]
[194.646515,276.843048]
[185.261429,339.204437]
[642.495483,292.605774]
[501.150726,120.131004]
[640.462219,165.754822]
[660.089355,19.012924]
[489.523865,398.300201]
[669.053772,341.945129]
[856.642090,229.221100]
[184.964905,339.116364]
[652.054993,306.004822]
[827.362549,223.367050]
[829.890930,298.797821]
[471.062683,173.979202]
[666.054077,82.090820]
[120.643196,354.694122]
[739.331848,312.545563]
[689.455750,353.526917]
[640.423157,349.334381]
[689.460022,353.526031]
[702.130981,306.873108]
[-1.000000,-1.000000]
[683.558350,191.634018]
[746.191833,329.389435]
[686.526367,187.673325]
[546.056763,227.489777]
[645.063904,347.982819]
[712.894104,305.899048]
[546.575439,227.211929]
[534.199585,90.617126]
[83.479210,255.533234]
[86.111595,255.100845]
[-1.000000,-1.000000]
[653.449402,326.388367]
[-1.000000,-1.000000]
[632.675537,71.587372]
[815.931213,151.593872]
[762.665771,160.910263]
[654.072388,346.971954]
[118.672684,278.369507]
[721.064026,385.956268]
[644.403564,326.543610]
[513.396423,121.348991]
[559.890564,149.189346]
[171.634613,330.219208]
[-1.000000,-1.000000]
[712.895508,305.897858]
[115.759949,186.683517]
[123.671478,313.895874]
[632.632568,72.563309]
[667.056213,324.883362]
[254.300461,226.758606]
[823.483093,406.302338]
[120.660400,354.694672]
[677.506470,141.025970]
[498.181915,54.056232]
[602.369446,67.973175]
[579.835999,69.287949]
[-1.000000,-1.000000]
[592.296570,57.162239]
[653.520569,326.413849]
[517.051392,67.992752]
[460.646393,92.032066]
[553.155823,68.937607]
[409.346680,92.537590]
[137.826477,358.479675]
[802.069885,152.012405]
[667.089600,21.999638]
[524.035034,62.013226]
[764.284973,163.644485]
[171.798569,330.002136]
[642.494385,292.603577]
[817.629517,142.085083]
[227.471710,147.141357]
[144.924179,348.227936]
[460.593964,91.852943]
[471.069641,131.968872]
[803.236511,137.840927]
[115.367310,337.472900]
[538.957336,133.304214]
[708.083557,178.549393]
[811.088806,348.326019]
[761.886780,364.642426]
[807.855469,135.408234]
[612.350464,69.770699]
[657.089172,340.962585]
[630.097900,160.305328]
[668.084717,18.053656]
[13.129399,311.910614]
[449.998352,301.524078]
[350.554108,235.772995]
[775.042847,357.059601]
[18.045809,322.870300]
[35.224960,447.433411]
[610.571106,69.398659]
[630.104370,160.309662]
[780.110779,359.202881]
[689.464844,353.517731]
[560.505188,149.548172]
[780.191528,359.174835]
[546.574097,227.210846]
[8.349949,287.114899]
[811.077148,348.341461]
[162.092270,312.952759]
[667.181091,165.596268]
[459.891907,200.931870]
[811.081970,348.343781]
[393.152832,171.959930]
[661.087158,28.023825]
[450.794617,199.187729]
[720.128540,349.950470]
[450.794159,199.184937]
[-1.000000,-1.000000]
[708.735474,361.718597]
[560.074646,221.482971]
[14.011832,319.915375]
[-1.000000,-1.000000]
[807.525269,145.489746]
[642.497803,292.607086]
[560.075928,221.500412]
[665.688904,164.715652]
[-1.000000,-1.000000]
[829.897217,299.124664]
[689.463623,353.514984]
[829.520081,186.733704]
[826.234070,298.541199]
[494.154968,240.613846]
[27.777494,339.905487]
[653.267273,326.173218]
[817.622986,142.118744]
[708.732483,361.709503]
[739.100159,353.963562]
[622.075317,70.962357]
[812.239502,155.484207]
[88.473503,350.231659]
[8.347367,287.122131]
[409.350098,92.551193]
[837.494080,219.246643]
[-1.000000,-1.000000]
[518.905396,128.072632]
[-1.000000,-1.000000]
[549.594666,55.385303]
[-1.000000,-1.000000]
[706.122437,350.947052]
[93.699646,257.376465]
[732.213928,366.012665]
[508.330719,229.356354]
[518.909302,128.073334]
[570.274292,100.715797]
[855.794373,227.475830]
[629.444763,259.843933]
[20.838181,322.785675]
[648.061584,310.968170]
[690.923645,360.063599]
[547.097046,221.314972]
[605.555481,96.318619]
[-1.000000,-1.000000]
[24.268665,307.068939]
[712.089539,345.920868]
[627.075073,377.960663]
[592.514160,57.190090]
[592.452332,57.184082]
[171.806305,329.979187]
[570.305664,101.674271]
[677.426392,141.096130]
[679.113586,346.997223]
[123.295174,314.445679]
[772.304688,355.604492]
[669.023438,344.947174]
[611.061279,69.528107]
[592.504333,57.182079]
[101.274834,301.545135]
[708.705688,361.675720]
[527.927490,66.296051]
[736.642761,324.729065]
[190.652573,319.921295]
[439.054718,86.948387]
[33.754368,334.928436]
[677.281799,35.845795]
[632.630920,72.525894]
[524.287720,91.571381]
[843.456787,391.768738]
[607.408508,121.283676]
[626.516602,362.798248]
[736.248352,312.693817]
[622.096191,59.892559]
[123.321411,314.424683]
[691.034973,360.233612]
[460.545044,91.610596]
[171.849457,329.956848]
[759.301636,157.557999]
[20.971365,294.895721]
[569.625305,100.693398]
[-1.000000,-1.000000]
[773.712341,366.840637]
[739.832153,340.874634]
[559.899414,149.199310]
[543.810547,306.422699]
[159.103729,321.950531]
[326.044647,244.058411]
[432.588165,124.842743]
[577.194763,87.172630]
[843.448242,391.770172]
[85.573563,207.670700]
[653.094788,341.998047]
[508.298981,217.647247]
[549.048584,333.143250]
[807.698303,160.145905]
[546.665894,216.906982]
[774.421875,350.865540]
[560.213013,149.339813]
[385.284393,132.627838]
[828.933228,402.116058]
[672.186890,150.650101]
[555.878174,55.373154]
[606.295410,118.833931]
[510.058380,61.020229]
[101.489380,348.682953]
[432.589081,124.818520]
[826.231384,298.540497]
[171.825241,329.944000]
[650.297058,385.959564]
[596.140320,74.026436]
[632.629883,72.523972]
[158.016602,351.641541]
[653.369446,326.322876]
[626.836731,345.356812]
[668.082275,330.936554]
[450.329285,198.541245]
[171.752289,330.044525]
