[58.457436,398.073547]
[94.472908,259.867920]
[828.995544,298.844757]
[645.589294,221.674332]
[427.107635,152.146790]
[411.275330,153.334381]
[427.111725,152.164810]
[-1.000000,-1.000000]
[657.981079,348.938751]
[605.612244,254.169022]
[828.992981,298.847809]
[94.542023,259.912292]
[374.268463,242.422028]
[408.154480,193.424042]
[440.751556,152.374191]
[664.764771,151.963394]
[473.625397,185.655426]
[628.815002,259.080322]
[397.635223,184.521255]
[665.291138,150.350754]
[802.920471,168.126602]
[677.442078,141.488129]
[397.615997,184.507996]
[440.754791,152.364792]
[411.302307,155.878357]
[837.059448,208.441345]
[411.305237,155.883240]
[628.007874,332.922028]
[473.634125,185.655151]
[534.460327,90.527664]
[473.624298,185.653885]
[411.282257,153.739639]
[662.957764,47.960896]
[642.413513,292.573059]
[628.817993,259.070374]
[139.312042,235.588882]
[525.072510,91.648224]
[397.610077,184.525238]
[677.197571,35.825333]
[411.278564,152.186188]
[626.756104,345.364594]
[360.351227,235.535385]
[427.110229,152.164581]
[665.284912,150.364365]
[660.984985,31.031057]
[677.437195,141.484375]
[626.757385,345.359680]
[828.992981,298.847809]
[440.760956,152.355255]
[268.915344,247.100616]
[397.608002,184.521133]
[573.613281,246.340530]
[784.180969,322.257874]
[493.949799,240.533844]
[111.718864,193.614243]
[6.547932,261.728363]
[828.168091,175.863602]
[755.366089,148.704010]
[545.455078,226.802170]
[763.201172,363.583191]
[579.768982,69.282715]
[496.831177,149.599274]
[828.180725,175.862228]
[440.753754,152.377853]
[638.812012,156.650543]
[523.380249,91.579254]
[657.962952,37.019836]
[468.156982,195.693542]
[772.912842,360.544586]
[115.619286,337.489929]
[828.991821,298.846130]
[411.273590,153.906189]
[642.426392,292.588074]
[518.883118,127.370567]
[664.768616,151.956360]
[662.826660,47.999146]
[454.938568,152.914413]
[683.344666,181.937531]
[408.928131,113.149963]
[579.752930,69.281342]
[194.611496,276.871460]
[664.764404,151.961929]
[139.333176,235.585785]
[-1.000000,-1.000000]
[665.272217,150.362442]
[409.175049,92.547722]
[644.351379,326.519135]
[427.093079,152.156372]
[755.365417,148.702682]
[764.574280,332.234528]
[806.979370,139.465302]
[420.254974,152.198761]
[154.736374,224.652710]
[122.801735,241.697495]
[677.203979,35.811272]
[122.798897,241.697403]
[247.925781,151.793274]
[440.683929,152.366043]
[663.991516,33.982643]
[638.578857,162.537720]
[524.207458,91.563232]
[837.282471,303.833740]
[420.191772,151.650314]
[526.006226,106.940178]
[453.379425,149.850372]
[534.477112,90.539909]
[516.865112,122.066887]
[519.079834,106.885994]
[518.967834,124.209595]
[184.306335,175.724228]
[236.166977,198.307724]
[129.034409,345.952301]
[825.284912,298.575806]
[689.417114,353.529114]
[825.609497,292.888763]
[457.702850,156.889938]
[142.833069,218.132614]
[460.309784,91.583961]
[662.913818,47.996338]
[828.983887,299.126068]
[677.369080,141.081329]
[456.010468,179.583603]
[729.652954,416.579987]
[139.319931,235.589661]
[501.070160,120.141266]
[828.992126,298.837006]
[789.736084,124.969101]
[500.362976,120.159897]
[498.090332,54.064453]
[662.927124,48.017673]
[199.337250,245.860260]
[111.110832,227.067230]
[664.745483,152.736084]
[128.213120,338.915405]
[705.326355,171.624435]
[644.352112,326.524841]
[460.454285,92.033112]
[665.271484,150.362518]
[640.711365,264.039307]
[722.065613,353.955750]
[677.199829,35.830101]
[669.968750,23.027534]
[780.187439,358.951019]
[809.293396,142.530243]
[661.317261,75.551208]
[551.118347,150.250717]
[605.616272,254.172714]
[852.273010,194.458786]
[633.390869,58.560997]
[837.218323,189.135803]
[513.316345,121.330788]
[677.319641,142.037521]
[818.979431,391.951538]
[577.098877,87.166222]
[94.471359,259.853882]
[551.096741,150.246918]
[632.575439,72.507507]
[662.902405,47.911037]
[653.573486,363.014740]
[413.067719,179.183365]
[531.009033,107.026886]
[730.069031,378.967377]
[752.157593,328.511322]
[727.889648,433.249390]
[142.213425,341.631195]
[-1.000000,-1.000000]
[523.382385,91.575363]
[440.753754,152.377853]
[762.418091,158.531219]
[168.939590,324.785004]
[813.588562,131.280243]
[817.587585,177.553925]
[736.562439,324.737701]
[450.210815,198.547287]
[449.751465,319.536011]
[-1.000000,-1.000000]
[627.976257,358.964294]
[525.070312,91.647102]
[825.567200,292.724640]
[802.882812,168.103622]
[857.552002,220.196045]
[813.573853,131.311340]
[516.703369,126.154602]
[509.962372,67.029633]
[-1.000000,-1.000000]
[736.568909,324.732361]
[538.016479,107.012978]
[664.797302,152.998703]
[677.362732,141.080383]
[449.188751,322.649750]
[524.194336,91.524796]
[659.013489,64.033134]
[509.596527,236.908325]
[677.213318,35.808582]
[626.445740,362.806427]
[523.387390,91.576340]
[738.919678,343.933319]
[8.254246,287.120514]
[500.369324,120.154427]
[837.064331,208.449280]
[736.567017,324.732727]
[194.600143,276.859131]
[664.765137,151.960800]
[653.854980,292.337830]
[566.001343,68.942596]
[653.855103,292.290955]
[115.610229,337.489319]
[677.387390,141.089294]
[118.531296,350.946686]
[662.936951,48.004791]
[-1.000000,-1.000000]
[520.909668,122.137383]
[-1.000000,-1.000000]
[374.270538,242.426865]
[779.982239,359.112427]
[464.650452,114.201500]
[527.903625,66.368683]
[857.553406,220.218491]
[680.648193,185.479767]
[115.541039,189.526733]
[644.351379,326.523895]
[829.085571,299.855377]
[758.250244,152.836075]
[663.365906,47.172768]
[190.591217,319.926056]
[632.212036,87.779709]
[157.922729,351.640564]
[493.951721,240.513809]
[841.735046,230.317123]
[727.893555,433.238831]
[859.404236,219.338287]
[663.002625,21.017204]
[560.478394,149.530533]
[708.705627,361.946075]
[516.870972,121.615242]
[697.406067,143.355209]
[663.375916,47.163319]
[31.995073,369.967133]
[662.865906,48.020405]
[559.345459,149.006958]
[784.204590,322.254974]
[460.384827,91.861534]
[780.185974,358.913757]
[120.701591,354.760223]
[663.373474,47.158482]
[784.897217,318.944580]
[677.366455,141.079865]
[432.719330,407.588715]
[168.754868,301.133179]
[374.270447,242.423218]
[37.479576,359.511322]
[580.227356,68.984314]
[171.336075,330.009705]
[87.107391,210.088928]
[-1.000000,-1.000000]
[12.029222,308.916046]
[525.058350,115.068893]
[524.036621,91.670593]
[661.983032,61.038647]
[834.954834,204.372147]
[665.976562,359.933228]
[351.751190,237.828003]
[806.728149,405.229187]
[772.913208,360.545990]
[594.974854,87.414284]
[8.253669,287.123322]
[857.546204,220.159821]
[460.331024,91.574615]
[713.371521,325.467834]
[662.998901,25.031799]
[194.591415,276.868103]
[185.170212,339.204742]
[642.429932,292.585876]
[501.078766,120.131409]
[638.590576,162.542786]
[659.987732,18.983170]
[489.438019,398.297333]
[668.969910,341.954803]
[856.914856,218.699768]
[184.865738,339.114624]
[651.975403,305.997650]
[826.684570,212.764374]
[828.996887,298.849213]
[470.873535,173.953964]
[665.935608,82.074890]
[120.702789,354.759125]
[739.259766,312.551971]
[689.407715,353.536804]
[640.358276,349.346619]
[689.411804,353.536163]
[702.070374,306.889404]
[-1.000000,-1.000000]
[680.380798,185.928940]
[746.108215,329.422974]
[683.311707,181.908630]
[544.987854,227.130463]
[644.978821,347.989532]
[712.837708,305.900543]
[545.455444,226.798233]
[534.117249,90.612869]
[84.909988,257.676331]
[87.626762,257.439758]
[-1.000000,-1.000000]
[653.400879,326.394592]
[-1.000000,-1.000000]
[632.618652,71.577034]
[812.038330,140.182953]
[758.556946,151.993713]
[653.992432,346.982697]
[120.797478,280.245789]
[720.987610,385.953430]
[644.354614,326.549896]
[513.313049,121.336311]
[559.800659,149.177261]
[171.556198,330.211884]
[-1.000000,-1.000000]
[712.839172,305.899597]
[115.506020,189.524673]
[125.825615,314.236359]
[632.578186,72.546066]
[666.965454,324.884674]
[253.578049,227.405197]
[823.389771,406.308746]
[120.720032,354.759796]
[677.442749,141.012711]
[498.112518,54.053581]
[602.278870,67.972931]
[579.751526,69.277985]
[-1.000000,-1.000000]
[592.248962,57.152985]
[653.473694,326.420868]
[516.952637,67.999557]
[460.447754,92.034309]
[553.053101,68.931992]
[409.180084,92.523453]
[137.771240,358.484467]
[798.107971,141.411987]
[666.991638,21.979252]
[523.928467,62.016430]
[760.230896,154.689117]
[171.716568,329.995697]
[642.428833,292.583710]
[813.580566,131.281250]
[225.819397,148.519272]
[144.852829,348.224731]
[460.394257,91.858002]
[470.856262,131.941406]
[799.299438,127.196457]
[115.600441,337.487823]
[538.851440,133.289124]
[705.272400,171.557846]
[810.758301,348.364136]
[761.786865,364.656158]
[803.849243,124.667908]
[612.280396,69.765137]
[657.006287,340.965851]
[628.727600,158.926514]
[667.985229,18.025311]
[13.024525,311.944244]
[449.850342,301.480408]
[350.324249,235.877960]
[774.972717,356.999329]
[17.955429,322.902618]
[35.116074,447.427673]
[610.514160,69.395882]
[628.731689,158.929977]
[780.002075,359.111542]
[689.416504,353.527771]
[560.446716,149.533783]
[780.096375,359.083740]
[545.454285,226.796860]
[8.257360,287.118835]
[810.748352,348.380310]
[162.013107,312.960297]
[666.855103,164.766724]
[459.770416,200.906006]
[810.752502,348.381714]
[392.929535,171.949173]
[660.994934,28.010757]
[450.680328,199.188950]
[720.014343,349.953247]
[450.680023,199.186157]
[-1.000000,-1.000000]
[708.649170,361.725037]
[557.877136,220.998077]
[13.916734,319.949127]
[-1.000000,-1.000000]
[803.532898,134.660919]
[642.432251,292.587433]
[557.877258,221.020844]
[665.417419,163.879196]
[-1.000000,-1.000000]
[828.984375,299.152924]
[689.415405,353.524872]
[828.133179,175.862259]
[825.265320,298.589172]
[493.935394,240.536713]
[27.733906,339.919281]
[653.205505,326.170258]
[813.573914,131.311371]
[708.646240,361.715668]
[739.001099,353.965027]
[621.995483,70.961090]
[808.404175,143.894073]
[88.441971,350.235626]
[8.254618,287.125671]
[409.183899,92.536674]
[837.042236,208.417557]
[-1.000000,-1.000000]
[518.809326,128.055817]
[-1.000000,-1.000000]
[549.522766,55.375702]
[-1.000000,-1.000000]
[706.009155,350.948090]
[94.541481,259.917603]
[732.111267,366.012878]
[508.199249,229.325943]
[518.812622,128.056641]
[570.217590,100.696365]
[856.115112,217.054413]
[628.809448,259.081299]
[20.761230,322.818939]
[647.987976,310.949524]
[690.867859,360.075928]
[545.977966,220.900223]
[605.489014,96.331474]
[-1.000000,-1.000000]
[24.176327,307.106079]
[711.950439,345.927582]
[626.986145,377.950836]
[592.501221,57.180382]
[592.439270,57.174709]
[171.724442,329.972870]
[570.256409,101.669426]
[677.364807,141.076080]
[679.046204,347.011047]
[125.423401,314.700745]
[772.233704,355.549072]
[668.945557,344.962128]
[610.953613,69.525742]
[592.491516,57.172535]
[103.922089,303.354309]
[708.620789,361.681732]
[527.811096,66.299545]
[736.572327,324.735138]
[190.581818,319.921265]
[438.799591,86.935539]
[33.713303,334.917419]
[677.201233,35.833656]
[632.576477,72.509323]
[524.204651,91.569679]
[843.352722,391.784363]
[607.342041,121.282616]
[626.452332,362.798126]
[736.177368,312.689484]
[621.998779,59.896519]
[125.449448,314.678101]
[690.973511,360.244690]
[460.344788,91.621498]
[171.766769,329.950714]
[755.363892,148.703003]
[20.849779,294.904144]
[569.574951,100.684608]
[-1.000000,-1.000000]
[773.604614,366.768433]
[739.769165,340.875763]
[559.808350,149.187378]
[543.738953,306.319153]
[159.010590,321.947906]
[324.918823,243.912598]
[432.366913,124.840759]
[577.101990,87.155266]
[843.343933,391.785431]
[85.933144,210.825287]
[653.015198,341.998474]
[508.206451,217.663513]
[548.823059,333.164856]
[803.849792,148.908081]
[545.654236,216.525452]
[774.383972,350.797974]
[560.127075,149.325394]
[385.074432,132.595490]
[828.833191,402.119232]
[672.237244,150.493820]
[555.751587,55.367561]
[606.221069,118.831802]
[509.972229,61.031147]
[101.865089,348.702301]
[432.367554,124.816383]
[825.262695,298.588226]
[171.743225,329.937683]
[650.194153,385.954803]
[596.064575,74.015778]
[632.575439,72.507507]
[157.940536,351.624878]
[653.315369,326.323608]
[626.756104,345.364594]
[667.995483,330.939117]
[450.219666,198.546509]
[171.672791,330.037933]
