[58.418789,398.040436]
[133.630386,161.382126]
[826.693787,299.338776]
[634.781311,214.711624]
[427.276917,152.157730]
[411.362061,153.412689]
[427.276917,152.175247]
[-1.000000,-1.000000]
[657.939697,348.961517]
[600.252625,251.648285]
[826.695312,299.347290]
[133.688950,161.373215]
[374.598022,242.075851]
[408.181152,193.451767]
[440.804138,152.393967]
[663.941284,152.025848]
[473.725525,185.742554]
[627.866150,258.106262]
[397.643555,184.504272]
[664.617554,150.432983]
[775.792725,168.352722]
[677.457214,141.546204]
[397.624573,184.488495]
[441.152954,152.468918]
[411.296082,155.973740]
[793.861877,195.324768]
[411.297638,155.978928]
[627.967102,332.937714]
[473.735413,185.741821]
[534.465942,90.583733]
[473.724304,185.739975]
[411.273956,153.818222]
[662.902100,48.014549]
[642.411133,292.612915]
[627.871582,258.091736]
[-1.000000,-1.000000]
[525.030212,91.740906]
[397.615265,184.505264]
[677.162537,35.862381]
[411.391663,152.234207]
[626.721130,345.345428]
[360.851196,235.067352]
[427.279510,152.171097]
[664.631348,150.452194]
[660.969971,31.075190]
[677.449829,141.544434]
[626.722290,345.342468]
[826.695312,299.347290]
[441.148682,152.446625]
[285.775879,244.259308]
[397.614807,184.500214]
[583.433350,243.436966]
[784.499084,322.591431]
[494.170166,240.615280]
[159.752121,107.682930]
[6.548547,261.810730]
[796.799438,171.160950]
[740.921753,150.133789]
[544.997986,226.737839]
[763.099060,363.585876]
[579.730591,69.315079]
[496.748901,149.605545]
[796.807312,171.159027]
[441.151978,152.475601]
[636.468201,152.429260]
[523.414551,91.636887]
[657.931824,37.060913]
[468.108521,195.726669]
[772.849548,360.525879]
[122.361153,335.521545]
[826.691650,299.348755]
[411.296631,154.022797]
[642.425293,292.626831]
[518.784058,127.369972]
[663.945557,152.031067]
[662.780273,48.053146]
[456.032166,152.955536]
[674.631836,175.700165]
[409.176117,113.115112]
[579.714600,69.315109]
[194.583374,276.853882]
[663.941895,152.023392]
[-1.000000,-1.000000]
[-1.000000,-1.000000]
[664.617981,150.442719]
[409.401703,92.590149]
[644.335266,326.495239]
[427.259308,152.140167]
[740.920410,150.130356]
[766.374878,332.526825]
[787.875732,142.415298]
[420.416595,152.187164]
[-1.000000,-1.000000]
[161.488724,158.884811]
[677.169800,35.841888]
[161.487625,158.885025]
[303.380280,122.890953]
[440.811676,152.393539]
[663.940674,34.024521]
[634.492981,158.151611]
[524.248291,91.608711]
[835.527222,303.097992]
[420.271973,151.632904]
[525.934875,106.972420]
[455.233917,149.883926]
[534.466370,90.599243]
[516.760986,122.066368]
[519.050110,106.916840]
[518.868896,124.220963]
[241.902069,119.511772]
[269.801392,157.873291]
[130.802643,345.594269]
[822.760437,300.171600]
[689.407166,353.542847]
[824.109558,294.556549]
[457.916840,156.976715]
[-1.000000,-1.000000]
[460.510254,91.627617]
[662.864929,48.053532]
[826.625488,299.526398]
[677.454285,141.176147]
[456.100006,179.634995]
[729.646118,416.687317]
[-1.000000,-1.000000]
[501.012421,120.164108]
[826.694763,299.335968]
[772.549683,129.533844]
[500.239868,120.190834]
[498.034851,54.103828]
[662.874329,48.071026]
[199.345779,245.578873]
[151.679306,142.412949]
[663.902771,152.791031]
[130.684219,338.464935]
[693.362000,168.566422]
[644.335815,326.500427]
[460.631989,92.104118]
[664.616638,150.442932]
[640.669922,264.041138]
[722.017029,353.971313]
[677.162170,35.861519]
[669.942017,23.108519]
[780.203064,358.817719]
[790.790955,147.896255]
[661.299927,75.612503]
[551.079468,150.273636]
[600.259705,251.651825]
[815.891846,187.512863]
[633.359131,58.554352]
[803.890564,182.395111]
[513.272095,121.323929]
[677.391968,142.126007]
[819.042053,391.972351]
[577.048645,87.208160]
[133.625854,161.367554]
[551.074280,150.272125]
[632.535217,72.488243]
[662.858032,47.950916]
[653.508057,363.034180]
[412.561707,179.148560]
[530.956848,107.070038]
[729.967102,378.993988]
[752.845703,328.697571]
[727.862610,433.304108]
[141.930511,341.624573]
[-1.000000,-1.000000]
[523.414795,91.631363]
[441.151978,152.475601]
[749.058594,160.081482]
[168.886703,324.800751]
[794.358887,134.584839]
[784.641724,167.599686]
[736.517578,324.720032]
[450.166260,198.510056]
[449.875488,319.527618]
[-1.000000,-1.000000]
[627.925720,358.967865]
[525.039612,91.736008]
[824.042297,294.477692]
[775.745667,168.421249]
[811.182312,210.263748]
[794.352417,134.615585]
[516.640137,126.147156]
[509.912231,67.060356]
[-1.000000,-1.000000]
[736.523865,324.713989]
[537.961487,107.049385]
[663.861145,153.055481]
[677.451538,141.160431]
[449.330627,322.640869]
[524.231140,91.571190]
[658.977234,64.051872]
[509.794434,236.892441]
[677.179871,35.841164]
[626.406677,362.818085]
[523.419067,91.614418]
[738.871399,343.943604]
[8.209454,287.156738]
[500.273041,120.180923]
[793.865356,195.340317]
[736.521606,324.716064]
[194.569641,276.849060]
[663.942810,152.034958]
[653.832581,292.394653]
[565.930542,68.949326]
[653.832031,292.349426]
[122.350410,335.520538]
[677.472595,141.185150]
[124.301003,350.333282]
[662.880188,48.060917]
[-1.000000,-1.000000]
[520.820251,122.132622]
[-1.000000,-1.000000]
[374.600708,242.078888]
[779.970215,358.982208]
[464.909485,114.275246]
[527.880798,66.404449]
[811.198975,210.283173]
[671.730286,178.603851]
[163.604584,106.322701]
[644.335022,326.500092]
[826.672241,300.158569]
[743.636292,154.374542]
[663.322693,47.193684]
[190.551346,319.915009]
[632.146790,87.810844]
[157.846039,351.656738]
[494.170990,240.609741]
[796.913025,215.688812]
[727.868835,433.289368]
[813.053711,209.703598]
[662.981506,21.104404]
[560.281433,149.564819]
[708.682434,361.967285]
[516.768188,121.602470]
[697.517395,146.745117]
[663.333984,47.186470]
[31.965445,369.971954]
[662.823242,48.069889]
[559.261108,149.060730]
[784.503784,322.587067]
[460.547424,91.936005]
[780.169128,358.778076]
[125.994362,354.044495]
[663.331665,47.180202]
[785.443481,319.384949]
[677.446777,141.161545]
[432.879608,407.553955]
[168.756500,301.160400]
[374.599457,242.076553]
[37.392639,359.475952]
[580.182129,68.993073]
[171.259567,330.042267]
[124.546738,104.453354]
[-1.000000,-1.000000]
[12.007370,308.901276]
[524.983032,115.092155]
[523.993408,91.716110]
[661.928284,61.044113]
[793.812195,191.450592]
[665.942871,359.958893]
[353.312897,236.744156]
[806.734009,405.256470]
[772.860779,360.534424]
[594.914490,87.443375]
[8.211439,287.160553]
[811.168335,210.257126]
[460.521698,91.623932]
[713.274048,325.465454]
[662.992737,25.094704]
[194.565903,276.855621]
[185.098038,339.207214]
[642.428284,292.625824]
[501.022400,120.152885]
[634.526184,158.146606]
[659.947876,19.029081]
[489.381042,398.407837]
[668.949890,341.974945]
[810.323547,208.034958]
[184.791763,339.120880]
[651.948059,306.023376]
[787.815247,198.712036]
[826.695984,299.346497]
[471.035675,174.018784]
[665.884705,82.093513]
[125.996208,354.042053]
[739.172485,312.583160]
[689.395935,353.550995]
[640.324158,349.345795]
[689.399719,353.550415]
[702.046875,306.870270]
[-1.000000,-1.000000]
[671.412903,179.121979]
[746.234558,329.486877]
[674.604675,175.663773]
[544.406982,227.096451]
[644.929077,348.005554]
[712.802917,305.888550]
[544.994446,226.733688]
[534.071716,90.701759]
[124.495712,162.069061]
[-1.000000,-1.000000]
[-1.000000,-1.000000]
[653.391968,326.398682]
[-1.000000,-1.000000]
[632.594788,71.524643]
[793.162170,143.533356]
[743.888855,153.527130]
[653.971985,347.002625]
[154.651367,177.252380]
[720.922180,385.965881]
[644.339233,326.528107]
[513.269775,121.328705]
[559.803711,149.227386]
[171.539993,330.230835]
[-1.000000,-1.000000]
[712.804504,305.887024]
[163.588043,106.307259]
[149.798492,309.489441]
[632.545715,72.520081]
[666.916870,324.897369]
[277.377655,209.624573]
[823.338501,406.301666]
[126.019974,354.056213]
[677.501892,141.081573]
[498.055603,54.092289]
[602.220764,68.007652]
[579.714233,69.303925]
[-1.000000,-1.000000]
[592.040039,57.174290]
[653.465698,326.425781]
[517.046631,68.027809]
[460.620850,92.109451]
[553.082336,68.945587]
[409.404663,92.569756]
[137.686859,358.514465]
[778.755920,142.867249]
[666.965332,22.020803]
[523.979126,62.043251]
[745.867615,156.185181]
[171.648865,330.032196]
[642.427368,292.623688]
[794.352844,134.589508]
[286.995331,115.163048]
[144.826080,348.239716]
[460.575592,91.932610]
[471.124695,132.070801]
[780.985107,131.611771]
[122.347473,335.528564]
[538.856628,133.174698]
[695.529541,167.509460]
[809.683044,349.316833]
[761.741394,364.660980]
[785.561768,129.014160]
[612.200684,69.784859]
[656.979736,340.990601]
[625.591431,156.834412]
[667.956116,18.089943]
[13.000516,311.933167]
[449.970764,301.469116]
[351.703461,234.454132]
[774.944458,356.916931]
[17.901033,322.891602]
[35.075363,447.471344]
[610.420288,69.389214]
[625.592773,156.835587]
[779.994690,358.979126]
[689.405457,353.542969]
[560.237915,149.571899]
[780.080505,358.946716]
[544.972534,226.735123]
[8.214788,287.153809]
[809.678345,349.327148]
[161.974487,312.985352]
[664.582581,164.612976]
[459.723236,200.941681]
[809.681091,349.333221]
[393.046875,171.940430]
[660.969299,28.055775]
[450.596405,199.174576]
[719.996948,349.963013]
[450.588623,199.168686]
[-1.000000,-1.000000]
[708.628601,361.744629]
[556.523743,219.726135]
[13.877410,319.943085]
[-1.000000,-1.000000]
[784.599365,138.829697]
[642.431274,292.626129]
[556.529480,219.736557]
[663.212708,163.840790]
[-1.000000,-1.000000]
[826.626526,299.551880]
[689.403992,353.537292]
[796.775024,171.158356]
[822.762878,300.188263]
[494.163605,240.625412]
[27.670849,339.905151]
[653.184265,326.179230]
[794.352417,134.615585]
[708.625793,361.734711]
[739.005371,353.973541]
[621.921265,70.989136]
[790.078491,149.574478]
[101.137054,348.154510]
[8.209986,287.160156]
[409.409119,92.578529]
[793.861816,195.309601]
[-1.000000,-1.000000]
[518.729065,128.061371]
[-1.000000,-1.000000]
[549.382690,55.387016]
[-1.000000,-1.000000]
[706.003601,350.968903]
[133.694672,161.384552]
[731.984009,366.026947]
[508.329254,229.497314]
[518.729858,128.062866]
[570.159485,100.645378]
[809.536560,205.240448]
[627.860657,258.104858]
[20.663618,322.852386]
[647.948486,310.995697]
[690.828979,360.098602]
[545.155823,220.853439]
[605.286011,96.264030]
[-1.000000,-1.000000]
[24.157503,307.069977]
[711.941589,345.944702]
[626.928711,377.977386]
[592.290771,57.201935]
[592.116821,57.196079]
[171.659988,330.010864]
[570.199829,101.899567]
[677.444336,141.156128]
[679.032776,347.038818]
[149.685516,309.739532]
[772.006104,355.504974]
[668.930603,344.987823]
[610.883606,69.590195]
[592.313354,57.200531]
[129.734711,194.989960]
[708.601807,361.701721]
[527.802185,66.333900]
[736.526672,324.716339]
[190.543900,319.909943]
[439.212128,87.013565]
[33.611004,334.917206]
[677.163269,35.864719]
[632.536438,72.491585]
[524.245728,91.614563]
[843.369751,391.798828]
[607.220398,121.283073]
[626.414612,362.809509]
[736.083130,312.696625]
[621.944336,59.924950]
[149.689484,309.736328]
[690.928223,360.260376]
[460.529388,91.669022]
[171.682663,329.986694]
[740.923279,150.136154]
[20.812000,294.892487]
[569.601257,100.688347]
[-1.000000,-1.000000]
[773.601990,366.767303]
[739.700623,340.875031]
[559.820251,149.235428]
[546.255005,306.537445]
[158.949448,321.969452]
[336.004883,246.562973]
[432.712677,124.852463]
[577.050171,87.206703]
[843.361267,391.798920]
[123.241249,105.244370]
[652.967102,342.019379]
[508.227234,217.711060]
[548.953369,333.072418]
[783.808350,150.701859]
[544.447693,216.460724]
[774.333313,350.679810]
[560.016785,149.368835]
[385.285156,132.856461]
[828.829468,402.136902]
[671.808411,150.736832]
[555.831848,55.395756]
[606.038025,118.926750]
[509.910858,61.061405]
[109.547531,347.796173]
[432.712524,124.830070]
[822.762390,300.189880]
[171.664215,329.973724]
[649.814392,385.964539]
[595.913269,74.068115]
[632.535217,72.488243]
[157.851700,351.640808]
[653.305969,326.317657]
[626.721130,345.345428]
[667.965332,330.948181]
[450.171234,198.509949]
[171.607407,330.071045]
