[58.565945,398.193939]
[95.759804,267.598267]
[801.257324,320.644257]
[620.804138,223.739990]
[427.072266,152.337326]
[411.357208,153.440323]
[427.069122,152.342392]
[680.198608,240.877274]
[658.012329,349.025940]
[589.621704,251.901001]
[801.245544,320.682556]
[95.933418,267.613953]
[375.165253,242.367371]
[408.052216,193.457214]
[440.341339,152.514832]
[659.732178,154.367477]
[473.595062,185.756210]
[628.244751,258.193604]
[397.502808,184.650009]
[659.533020,153.536423]
[765.798279,278.435181]
[676.523865,141.214966]
[397.483398,184.637726]
[440.344208,152.513184]
[411.533264,156.031921]
[776.028564,327.420685]
[411.532532,156.041016]
[627.991577,333.059265]
[473.604614,185.757431]
[534.562683,90.628914]
[473.594055,185.754684]
[411.425964,153.807022]
[662.955322,48.076241]
[642.404785,292.654022]
[628.237610,258.177307]
[149.980942,243.772171]
[525.084717,91.700493]
[397.483459,184.647186]
[677.238220,35.946564]
[411.380432,152.237640]
[626.740784,345.421051]
[361.901398,232.484985]
[427.068726,152.343369]
[659.533569,153.540833]
[660.979187,31.124187]
[676.512878,141.214905]
[626.742371,345.413391]
[801.245667,320.681580]
[440.347229,152.511139]
[268.243958,247.372208]
[397.480164,184.651550]
[546.981323,251.492615]
[786.612915,343.792175]
[493.443268,239.845078]
[122.214172,191.257095]
[6.546896,261.922302]
[786.853516,289.380890]
[738.573669,200.932068]
[528.154419,226.158020]
[762.573975,364.916656]
[579.750122,69.360123]
[496.813629,149.668472]
[786.905396,289.420868]
[440.345764,152.512772]
[632.469238,150.804916]
[523.517822,91.568054]
[657.978882,37.137058]
[468.191528,195.796326]
[775.145508,365.538727]
[114.952827,337.687103]
[801.244446,320.608917]
[411.393433,154.042114]
[642.411194,292.663940]
[518.869019,127.469421]
[659.733276,154.352310]
[662.858887,48.096210]
[453.905792,153.160049]
[673.657593,192.553101]
[408.854584,113.973381]
[579.735107,69.361115]
[194.623062,276.945496]
[659.733582,154.364410]
[149.996857,243.772583]
[-1.000000,-1.000000]
[659.534302,153.529572]
[409.026978,92.573105]
[644.339905,326.614777]
[427.063110,152.345032]
[738.580200,200.928589]
[762.601746,343.297211]
[781.985352,231.821960]
[420.186951,152.383179]
[159.370026,235.400620]
[132.265961,249.088303]
[677.244873,35.928978]
[132.256714,249.087234]
[260.767517,159.035614]
[440.345764,152.512939]
[663.991333,34.130005]
[608.368408,157.983307]
[524.271790,91.601555]
[808.059998,321.576385]
[420.145996,151.814682]
[525.987183,107.073631]
[452.934601,150.085510]
[534.562805,90.624466]
[516.820679,122.198997]
[519.019043,107.022064]
[518.960938,124.283226]
[213.795807,180.722610]
[251.747452,221.047318]
[129.021851,346.048615]
[800.566528,333.884644]
[689.378784,353.571564]
[754.864380,294.094696]
[457.806732,157.079025]
[151.977264,227.113770]
[460.379517,91.691345]
[662.924622,48.100845]
[808.071960,314.178986]
[676.525024,140.743805]
[455.968536,179.722183]
[729.636536,416.665649]
[149.993027,243.772888]
[501.113129,120.248482]
[801.221680,320.560364]
[759.194580,215.598801]
[500.477173,120.262238]
[498.083252,54.178070]
[662.926025,48.122269]
[199.525024,246.997757]
[122.694969,233.797119]
[660.301208,154.981506]
[128.014954,339.040833]
[701.281677,191.867264]
[644.340332,326.620789]
[460.524261,92.155167]
[659.534302,153.529495]
[641.312012,264.103455]
[722.001038,354.066162]
[677.246155,35.956131]
[669.968262,23.097824]
[783.764893,365.971039]
[785.533752,237.738556]
[661.353577,75.542572]
[551.401001,150.356430]
[589.634644,251.897308]
[806.664307,270.202026]
[633.396606,58.509289]
[791.188416,272.659027]
[513.323425,121.412376]
[676.320740,141.567947]
[818.991699,392.053864]
[577.072632,87.370583]
[95.748207,267.596619]
[551.379639,150.354477]
[632.565063,72.604614]
[662.913757,48.015038]
[653.582031,363.104553]
[413.635468,179.338730]
[530.972839,107.151260]
[730.045227,379.083954]
[751.402588,330.174347]
[727.880310,433.334686]
[142.259369,341.682007]
[806.141846,290.610687]
[523.506592,91.570976]
[440.345764,152.512772]
[740.778625,224.680466]
[168.993500,324.908661]
[786.111938,218.915771]
[779.200317,300.163361]
[736.467224,324.853638]
[450.309814,198.678558]
[449.651123,319.662415]
[-1.000000,-1.000000]
[627.987793,359.095276]
[525.074219,91.688393]
[754.859985,294.134949]
[765.728027,278.456543]
[826.062927,282.107666]
[786.091492,218.905243]
[516.676880,126.232193]
[509.983002,67.148857]
[679.724731,240.777100]
[736.472961,324.844238]
[538.009949,107.171112]
[660.324158,155.215103]
[676.524231,140.740723]
[449.121490,322.783386]
[524.269409,91.572701]
[658.986755,64.144394]
[508.743652,235.223251]
[677.254333,35.929405]
[626.443481,362.899109]
[523.510864,91.568222]
[739.001160,344.093292]
[8.351343,287.225403]
[500.475220,120.259811]
[776.028076,327.422241]
[736.470398,324.847534]
[194.612793,276.939880]
[659.733459,154.365875]
[653.798035,292.523346]
[566.000427,69.110413]
[653.799988,292.498627]
[114.943085,337.687347]
[676.523254,140.753815]
[118.024193,351.069702]
[662.937683,48.112839]
[-1.000000,-1.000000]
[520.884766,122.254097]
[-1.000000,-1.000000]
[375.166229,242.379532]
[783.649231,366.082184]
[464.637451,114.322075]
[528.069336,66.461975]
[826.060730,282.114838]
[673.655762,192.554825]
[129.576569,186.974731]
[644.339050,326.619995]
[807.447266,318.216705]
[745.164368,211.947067]
[663.379395,47.274281]
[190.619598,320.082062]
[632.204163,87.763214]
[157.874695,351.689484]
[493.447296,239.851257]
[761.119629,308.352966]
[727.879944,433.333374]
[793.310425,281.466187]
[662.984009,21.092722]
[560.101990,149.552170]
[708.712769,362.041016]
[516.859741,121.680405]
[686.282654,167.387268]
[663.389832,47.265053]
[32.001926,370.069031]
[662.885071,48.119629]
[559.096313,149.067795]
[786.614014,343.786987]
[460.491272,91.982147]
[783.776611,365.962311]
[120.218948,354.821655]
[663.387146,47.262489]
[781.167297,349.519897]
[676.524414,140.741211]
[432.744843,407.819458]
[168.686096,301.228119]
[375.165588,242.375580]
[37.490265,359.665192]
[580.210205,69.124847]
[171.386627,330.102814]
[92.317390,208.642029]
[-1.000000,-1.000000]
[12.045347,309.042084]
[525.023438,115.164993]
[524.099609,91.690407]
[661.982788,61.169384]
[777.544006,318.599609]
[666.006287,360.040833]
[356.096405,233.762985]
[806.582520,405.270660]
[775.139465,365.536896]
[594.921509,87.641907]
[8.347769,287.226898]
[826.062561,282.108490]
[460.372284,91.691139]
[713.389771,325.535248]
[662.983826,25.104198]
[194.610443,276.945526]
[185.219162,339.264008]
[642.411926,292.666656]
[501.132385,120.250107]
[608.384460,157.977402]
[659.977661,19.075226]
[489.453766,398.260559]
[669.005188,342.047821]
[809.456909,287.008667]
[184.920898,339.196533]
[651.991516,306.105225]
[765.828430,328.179779]
[801.244690,320.682434]
[470.823059,174.122208]
[665.913696,82.289284]
[120.211128,354.818909]
[739.156738,312.839935]
[689.371643,353.580536]
[640.360107,349.413239]
[689.374146,353.580200]
[702.052124,307.020020]
[-1.000000,-1.000000]
[673.660278,192.555069]
[746.229309,330.055756]
[673.657104,192.553162]
[527.734558,226.382233]
[645.011475,348.084900]
[712.839966,305.984619]
[528.153625,226.156143]
[534.210571,90.664955]
[71.485550,265.430725]
[73.856148,268.696472]
[-1.000000,-1.000000]
[653.407532,326.452942]
[-1.000000,-1.000000]
[632.587097,71.638123]
[788.715942,231.434036]
[745.849915,211.786224]
[654.002380,347.067932]
[109.416687,296.494781]
[721.015869,386.065857]
[644.343262,326.644470]
[513.320068,121.416595]
[559.344666,149.230148]
[171.610870,330.292206]
[815.451843,291.910095]
[712.841125,305.983215]
[129.542175,186.972549]
[118.443993,313.973267]
[632.563538,72.603096]
[666.960144,324.981476]
[258.486694,232.269852]
[823.370361,406.339661]
[120.224197,354.819794]
[676.622314,140.581757]
[498.102600,54.169159]
[602.224609,68.113403]
[579.734619,69.360062]
[793.674438,331.077789]
[592.289490,57.239582]
[653.481995,326.481049]
[516.975342,68.148834]
[460.532562,92.159966]
[553.054443,69.099014]
[409.033020,92.546562]
[137.807251,358.541077]
[766.613953,246.129959]
[666.983643,22.082302]
[524.057922,62.153019]
[746.160706,216.839218]
[171.779160,330.091736]
[642.412781,292.667389]
[786.109985,218.912292]
[235.052338,155.047241]
[144.819046,348.280579]
[460.489044,91.980637]
[470.814606,132.095520]
[764.624451,220.891861]
[114.931908,337.687042]
[538.876953,133.351669]
[701.300537,191.869751]
[817.790100,358.082184]
[761.207397,365.757812]
[769.807251,217.663376]
[612.248901,69.877136]
[657.019104,341.032745]
[610.728821,152.361526]
[667.979126,18.093472]
[13.047998,312.012024]
[449.775391,301.431702]
[354.220673,231.245956]
[777.539856,363.522461]
[18.029671,323.043671]
[35.093155,447.446930]
[610.411255,69.445038]
[610.729004,152.363541]
[783.651917,366.079529]
[689.378723,353.571564]
[560.108765,149.550323]
[783.684143,366.056152]
[528.151672,226.155167]
[8.371384,287.230988]
[817.781311,358.084473]
[162.051575,313.062256]
[660.391418,172.554855]
[459.917267,201.092224]
[817.785095,358.098572]
[392.830902,172.124771]
[660.987488,28.122597]
[450.732910,199.319656]
[719.990295,350.057617]
[450.732025,199.315491]
[-1.000000,-1.000000]
[708.662964,361.794891]
[538.657593,220.892319]
[14.035395,320.042145]
[-1.000000,-1.000000]
[772.605774,228.119690]
[642.413757,292.668915]
[538.648865,220.908020]
[658.617371,168.325150]
[-1.000000,-1.000000]
[808.076538,314.179688]
[689.377319,353.567749]
[786.741394,289.298431]
[800.247681,333.902100]
[493.437653,239.861237]
[28.011166,340.054413]
[653.151978,326.232422]
[786.101929,218.918106]
[708.660339,361.787109]
[739.067078,354.087006]
[621.991333,71.105789]
[784.325562,240.365051]
[89.513931,351.420532]
[8.351580,287.231750]
[409.033844,92.548050]
[776.017395,327.392639]
[-1.000000,-1.000000]
[518.741516,128.170258]
[-1.000000,-1.000000]
[549.394653,55.492210]
[-1.000000,-1.000000]
[706.015137,351.032471]
[95.952202,267.615356]
[732.088562,366.111145]
[507.552795,227.603912]
[518.749023,128.171066]
[570.294128,100.772301]
[792.700317,318.120453]
[628.230469,258.192596]
[21.020472,322.996429]
[647.988281,311.048798]
[690.900879,360.175598]
[528.633972,220.290024]
[605.515259,96.407501]
[800.123718,333.907959]
[24.006004,306.338501]
[711.986267,346.026642]
[626.960144,378.067993]
[592.365051,57.244984]
[592.344482,57.241898]
[171.789368,330.073273]
[570.226562,101.661682]
[676.524597,140.740036]
[679.031250,347.075500]
[118.355568,314.453278]
[773.312378,361.004303]
[668.996399,345.031677]
[610.945496,69.563995]
[592.367981,57.245155]
[80.586861,323.340424]
[708.640930,361.745972]
[527.997314,66.435577]
[736.475464,324.848938]
[190.614670,320.076691]
[438.760803,87.063538]
[34.026680,335.005737]
[677.246399,35.958557]
[632.563721,72.603966]
[524.278687,91.604401]
[843.350281,391.828705]
[607.207031,121.995392]
[626.449951,362.888611]
[735.968689,312.985840]
[622.003174,60.047466]
[118.360901,314.424622]
[691.012756,360.326019]
[460.393616,91.733192]
[171.826187,330.052338]
[738.568359,200.923737]
[20.039890,294.059967]
[569.510986,100.540031]
[-1.000000,-1.000000]
[776.697510,371.246918]
[740.064270,341.050781]
[559.427795,149.243622]
[543.395569,306.949158]
[159.050049,322.044525]
[349.102631,245.603302]
[432.341156,124.996803]
[577.070007,87.370087]
[843.334595,391.829529]
[91.052757,209.442474]
[653.003113,342.079071]
[507.398529,215.907440]
[547.256042,333.581726]
[776.411987,247.612488]
[529.056335,215.716095]
[776.748108,359.045380]
[559.700073,149.367294]
[385.033478,132.026489]
[828.874451,402.173737]
[669.984131,150.113541]
[555.717163,55.625465]
[606.554932,119.388168]
[509.976929,61.147568]
[100.892555,349.107178]
[432.342072,124.971321]
[800.259521,333.900574]
[171.800797,330.037720]
[650.816833,386.051910]
[596.022461,74.145599]
[632.565063,72.604614]
[157.917938,351.680206]
[653.301453,326.366455]
[626.740784,345.421051]
[667.994995,331.040955]
[450.318451,198.677612]
[171.743774,330.127716]
