[58.740181,398.266571]
[86.828087,253.930069]
[798.856445,303.907104]
[624.667480,206.204407]
[427.000397,152.323502]
[411.308716,153.460358]
[426.997498,152.328461]
[596.143250,215.934021]
[658.151550,349.061493]
[584.033081,250.748642]
[798.821899,303.888580]
[86.965767,253.949173]
[375.134369,242.722839]
[408.120178,193.497910]
[440.338043,152.517990]
[659.716431,153.590607]
[473.622681,185.753616]
[628.416809,258.234680]
[397.517914,184.702332]
[659.476868,152.862518]
[746.446716,213.313797]
[676.654358,141.257721]
[397.498932,184.689926]
[440.342133,152.516495]
[411.467651,156.052841]
[766.095581,257.691589]
[411.466949,156.062210]
[628.166199,333.074402]
[473.632080,185.754852]
[534.711548,90.668709]
[473.621460,185.752167]
[411.363556,153.816422]
[663.135437,48.059528]
[642.518616,292.658142]
[628.416382,258.212280]
[142.783447,234.823685]
[525.278625,91.749992]
[397.499237,184.699234]
[677.401794,35.948502]
[411.329834,152.260712]
[626.902954,345.429565]
[361.804077,233.815674]
[426.997040,152.328842]
[659.477417,152.866531]
[661.168030,31.127768]
[676.643066,141.257904]
[626.904541,345.422577]
[798.822021,303.888611]
[440.345367,152.514984]
[267.225159,247.342987]
[397.495514,184.703506]
[545.669312,248.304489]
[783.123596,315.870178]
[493.498169,239.750427]
[116.340599,181.712463]
[6.667310,261.950317]
[775.983398,228.359055]
[714.248169,155.615295]
[526.555054,224.756912]
[763.219666,363.670044]
[579.906860,69.370972]
[496.977661,149.679581]
[775.999268,228.355438]
[440.343475,152.515808]
[631.099060,144.338638]
[523.669067,91.630791]
[658.160278,37.127586]
[468.236908,195.799210]
[773.140625,360.786804]
[115.087730,337.693542]
[798.823792,303.883423]
[411.328918,154.067932]
[642.532776,292.672882]
[519.069946,127.478706]
[659.718079,153.579376]
[663.045715,48.080608]
[453.888702,153.178223]
[669.960999,167.974701]
[408.910217,114.008698]
[579.888245,69.372063]
[194.774841,276.986053]
[659.718140,153.588684]
[142.796280,234.824570]
[-1.000000,-1.000000]
[659.478210,152.856277]
[409.147369,92.601944]
[644.452820,326.621704]
[427.010803,152.330460]
[714.251343,155.611267]
[763.771179,333.570557]
[765.233032,174.962769]
[420.207672,152.381012]
[151.623367,227.105591]
[120.977852,238.153748]
[677.407410,35.931385]
[120.968590,238.152115]
[255.985474,156.408569]
[440.343658,152.515564]
[664.168457,34.119133]
[590.850281,156.150497]
[524.434204,91.664375]
[807.586365,312.415619]
[420.151520,151.821381]
[526.187988,107.123146]
[452.873077,150.108932]
[534.716614,90.682312]
[517.014832,122.219078]
[519.221619,107.079094]
[519.156372,124.295601]
[207.771149,177.109543]
[244.914749,215.568909]
[129.179474,346.093475]
[796.653381,304.545380]
[689.478455,353.579865]
[755.879578,286.871338]
[457.761108,157.129089]
[144.610718,218.192841]
[460.408264,91.697289]
[663.107971,48.085503]
[807.371155,305.415710]
[676.660706,140.775879]
[456.030914,179.711044]
[729.784668,416.649200]
[142.792892,234.824600]
[501.243256,120.266747]
[798.795898,303.877014]
[739.344238,155.130310]
[500.599060,120.279106]
[498.241119,54.225891]
[663.109009,48.107208]
[199.503860,246.222931]
[111.449776,222.212357]
[660.338379,154.103897]
[128.168823,339.069946]
[689.907898,158.293900]
[644.453186,326.628174]
[460.539642,92.158325]
[659.478027,152.855911]
[641.483276,264.146210]
[722.164062,354.102173]
[677.408081,35.957687]
[670.169861,23.130726]
[780.564148,359.434784]
[768.787109,179.650772]
[661.509583,75.549942]
[551.446838,150.368927]
[584.040649,250.745972]
[795.013428,216.482468]
[633.541016,58.546631]
[779.457703,214.236694]
[513.458496,121.420792]
[676.457703,141.597855]
[819.139709,392.111816]
[577.228699,87.393417]
[86.812347,253.920502]
[551.415039,150.362442]
[632.699890,72.593124]
[663.097168,48.000645]
[653.709961,363.134186]
[413.595612,179.380600]
[531.180054,107.197701]
[730.217102,379.117249]
[751.494446,329.110901]
[728.022827,433.335876]
[142.386826,341.701721]
[805.191223,289.488617]
[523.656860,91.633743]
[440.343475,152.515808]
[719.885010,169.819305]
[169.152817,324.939209]
[770.078796,163.791748]
[764.238403,228.689117]
[736.643066,324.898376]
[450.389282,198.705414]
[449.744293,319.681122]
[-1.000000,-1.000000]
[628.144409,359.093475]
[525.270569,91.738930]
[755.873596,286.897217]
[746.442932,213.327606]
[824.495239,280.590118]
[770.058838,163.777328]
[516.827515,126.248421]
[510.155609,67.200089]
[596.544373,215.564774]
[736.648926,324.887848]
[538.190002,107.205139]
[660.374878,154.277954]
[676.659607,140.773407]
[449.209259,322.801086]
[524.432129,91.637024]
[659.192444,64.126007]
[508.762360,234.668152]
[677.414856,35.931564]
[626.559570,362.904144]
[523.661194,91.631676]
[739.060791,344.093872]
[8.454912,287.259521]
[500.597443,120.276398]
[766.095520,257.693604]
[736.646179,324.890991]
[194.763702,276.980103]
[659.717834,153.589417]
[653.945251,292.527954]
[566.174377,69.126617]
[653.947754,292.503296]
[115.079231,337.693481]
[676.650146,140.789886]
[118.167564,351.109833]
[663.119141,48.097961]
[-1.000000,-1.000000]
[521.087585,122.269142]
[-1.000000,-1.000000]
[375.135284,242.734146]
[780.448914,359.577820]
[464.635315,114.321854]
[528.244385,66.487358]
[824.494080,280.596344]
[669.956177,167.977417]
[124.001350,177.817032]
[644.452087,326.626984]
[806.951782,307.232758]
[719.199524,161.987091]
[663.496887,47.270889]
[190.760788,320.103577]
[632.316589,87.806526]
[158.034607,351.721771]
[493.498901,239.749268]
[755.188782,253.624161]
[728.022705,433.334564]
[788.573853,268.243896]
[663.185425,21.133003]
[560.265442,149.570740]
[708.825745,362.082642]
[517.058105,121.689423]
[697.068298,141.298767]
[663.507019,47.262035]
[32.166615,370.116364]
[663.068787,48.105076]
[559.279541,149.093506]
[783.121704,315.858887]
[460.517212,91.990524]
[780.580811,359.404388]
[120.350960,354.861664]
[663.504578,47.259567]
[779.350037,321.345856]
[676.660339,140.773468]
[432.787048,407.816406]
[168.848022,301.277588]
[375.134888,242.730469]
[37.635216,359.718933]
[580.345581,69.145523]
[171.503098,330.127197]
[87.245506,195.535934]
[-1.000000,-1.000000]
[12.207367,309.093201]
[525.217407,115.208717]
[524.282104,91.752258]
[662.183350,61.143597]
[766.697937,248.828430]
[666.145996,360.060089]
[355.490295,235.275055]
[806.649902,405.294861]
[773.137024,360.786530]
[595.137878,87.658592]
[8.451822,287.261414]
[824.494995,280.590485]
[460.401062,91.697212]
[713.508484,325.569550]
[663.174927,25.126715]
[194.760910,276.985748]
[185.359253,339.280884]
[642.533020,292.675049]
[501.259308,120.268257]
[590.869873,156.141464]
[660.186157,19.112919]
[489.533722,398.344360]
[669.144531,342.072205]
[808.133728,285.921875]
[185.082047,339.215851]
[652.135010,306.113525]
[756.669861,264.877777]
[798.820435,303.888947]
[470.852661,174.103455]
[666.151794,82.278275]
[120.343498,354.858917]
[739.410034,312.594574]
[689.471375,353.588776]
[640.480835,349.417114]
[689.473938,353.588776]
[702.172302,307.057068]
[-1.000000,-1.000000]
[669.956726,167.976440]
[746.133057,329.563049]
[669.960571,167.975098]
[526.278748,225.037979]
[645.164978,348.105133]
[712.957458,306.026306]
[526.555298,224.754745]
[534.385742,90.701904]
[64.193787,252.710114]
[66.501236,256.094543]
[-1.000000,-1.000000]
[653.517944,326.471802]
[-1.000000,-1.000000]
[632.726624,71.655884]
[772.282593,176.319595]
[719.739929,161.443985]
[654.156738,347.094727]
[99.967873,283.419128]
[721.177368,386.101776]
[644.455872,326.653198]
[513.455505,121.424973]
[559.582581,149.254730]
[171.736572,330.309662]
[814.434570,290.509583]
[712.958679,306.025146]
[123.961395,177.814285]
[118.186104,313.865723]
[632.697815,72.588638]
[667.087402,325.006958]
[255.971909,231.179581]
[823.488708,406.385132]
[120.355873,354.859589]
[676.773315,140.605530]
[498.258057,54.217300]
[602.385437,68.143982]
[579.887207,69.370514]
[790.261230,298.431274]
[592.391541,57.273628]
[653.590271,326.496155]
[517.134766,68.191841]
[460.540955,92.159042]
[553.222839,69.131187]
[409.153290,92.575554]
[137.950241,358.573547]
[746.153015,176.500671]
[667.185669,22.110992]
[524.218018,62.192215]
[721.096924,164.737076]
[171.931030,330.114380]
[642.533936,292.675842]
[770.076965,163.788376]
[231.297318,151.715088]
[144.940811,348.319275]
[460.514923,91.989037]
[470.813782,132.124634]
[746.273499,158.314362]
[115.069565,337.692780]
[539.064941,133.396606]
[689.922852,158.282837]
[817.169312,357.593414]
[761.876282,364.799774]
[752.801514,155.719711]
[612.392822,69.900024]
[657.159363,341.070343]
[593.939697,149.947281]
[668.179077,18.124172]
[13.219037,312.054504]
[449.884369,301.458588]
[353.631012,232.751923]
[775.027710,357.442474]
[18.203800,323.099091]
[35.255226,447.478851]
[610.548279,69.463181]
[593.940552,149.949097]
[780.451660,359.575439]
[689.478333,353.580170]
[560.265137,149.572220]
[780.482788,359.552795]
[526.553955,224.754303]
[8.472615,287.262939]
[817.161743,357.596893]
[162.196762,313.101105]
[659.600769,164.504532]
[459.962494,201.091232]
[817.165039,357.608521]
[392.823608,172.182434]
[661.180847,28.127300]
[450.790924,199.329498]
[720.161438,350.089478]
[450.790009,199.325470]
[-1.000000,-1.000000]
[708.769043,361.834290]
[535.220459,218.860611]
[14.199107,320.090942]
[-1.000000,-1.000000]
[754.290588,166.051620]
[642.535034,292.677124]
[535.214233,218.884018]
[657.983948,163.476242]
[-1.000000,-1.000000]
[807.375488,305.421417]
[689.476929,353.576294]
[775.933594,228.350418]
[796.326660,304.331024]
[493.489380,239.759903]
[28.202477,340.109741]
[653.288940,326.266052]
[770.068481,163.790207]
[708.766052,361.826111]
[739.146729,354.096161]
[622.171875,71.128838]
[767.359436,180.884354]
[88.657417,350.501007]
[8.455467,287.265411]
[409.153656,92.577194]
[766.082581,257.652283]
[-1.000000,-1.000000]
[518.906250,128.191452]
[-1.000000,-1.000000]
[549.565979,55.497990]
[-1.000000,-1.000000]
[706.179382,351.071808]
[86.971115,253.951340]
[732.183655,366.137177]
[507.546936,227.253983]
[518.916748,128.192169]
[570.412476,100.819847]
[789.017944,290.930725]
[628.410278,258.235962]
[21.195290,323.048462]
[648.132751,311.080078]
[691.036865,360.191223]
[526.917725,218.885391]
[605.675110,96.426147]
[796.118652,304.205750]
[24.165752,306.389648]
[712.173218,346.055115]
[627.117371,378.078003]
[592.504944,57.276913]
[592.483215,57.274075]
[171.941681,330.096466]
[570.346863,101.682083]
[676.660400,140.772888]
[679.159058,347.097198]
[118.146912,314.410767]
[772.474365,356.050171]
[669.144348,345.060211]
[611.155884,69.607140]
[592.524841,57.278515]
[69.875732,308.341583]
[708.738770,361.784576]
[528.145935,66.438644]
[736.651611,324.892944]
[190.755249,320.098572]
[438.771088,87.077324]
[34.187653,335.061401]
[677.408508,35.960133]
[632.698853,72.592758]
[524.441406,91.667313]
[843.489929,391.872955]
[607.418823,122.010178]
[626.566345,362.893982]
[736.294434,312.883209]
[622.190674,60.072266]
[118.148300,314.378815]
[691.140625,360.337921]
[460.422485,91.738869]
[171.984009,330.075775]
[714.246094,155.612213]
[20.200308,294.115662]
[569.646667,100.565163]
[-1.000000,-1.000000]
[773.695923,366.886047]
[739.915405,341.041595]
[559.667236,149.267548]
[543.391846,306.985962]
[159.208069,322.080292]
[346.819092,246.918243]
[432.337219,124.990158]
[577.226624,87.393105]
[843.473877,391.873901]
[85.683334,196.335907]
[653.151672,342.113983]
[507.317444,215.542313]
[547.182434,333.709045]
[757.052185,184.571091]
[527.201904,214.360870]
[774.650757,351.484192]
[559.829895,149.388412]
[385.035156,132.011078]
[829.028381,402.215820]
[670.214478,149.739471]
[555.925171,55.624172]
[606.716675,119.387451]
[510.152100,61.197224]
[100.829453,349.033508]
[432.337921,124.964241]
[796.329651,304.330444]
[171.954544,330.062103]
[650.912476,386.089783]
[596.204773,74.180756]
[632.699890,72.593124]
[158.088394,351.710480]
[653.420044,326.391327]
[626.902954,345.429565]
[668.125854,331.061066]
[450.397888,198.704803]
[171.882568,330.152252]
