[58.614220,398.229950]
[95.811226,267.570587]
[801.047485,321.093964]
[620.802429,223.781906]
[427.111938,152.299957]
[411.377258,153.390869]
[427.109222,152.305222]
[679.578064,241.035400]
[658.048950,349.084930]
[589.626648,251.911484]
[801.035339,321.118256]
[95.997574,267.590027]
[375.186646,242.389191]
[408.047699,193.450165]
[440.397705,152.499969]
[659.748840,154.357742]
[473.618866,185.751358]
[628.298523,258.226379]
[397.506897,184.635864]
[659.547852,153.528366]
[765.482422,279.354828]
[676.542603,141.199646]
[397.487244,184.623184]
[440.401154,152.498123]
[411.576538,156.022995]
[775.241516,328.507812]
[411.576385,156.033478]
[628.029236,333.081299]
[473.628662,185.752579]
[534.586975,90.611580]
[473.617554,185.749725]
[411.449036,153.780685]
[662.977112,48.001179]
[642.430603,292.686707]
[628.291870,258.209473]
[150.009857,243.770584]
[525.115356,91.693962]
[397.487396,184.633255]
[677.267395,35.896725]
[411.426544,152.237717]
[626.771057,345.434814]
[361.929413,232.500473]
[427.109131,152.305115]
[659.548706,153.532471]
[661.010681,31.080029]
[676.531799,141.199463]
[626.772461,345.427094]
[801.035339,321.116974]
[440.404633,152.496185]
[268.328339,247.410477]
[397.484955,184.637711]
[546.997986,251.534576]
[785.574036,344.714966]
[493.465271,239.783432]
[122.209831,191.222214]
[6.562757,261.976624]
[786.437256,290.329498]
[738.677246,201.623520]
[528.247070,226.186569]
[761.570251,365.057373]
[579.748779,69.333389]
[496.807983,149.688675]
[786.476074,290.375488]
[440.402740,152.498123]
[632.485046,150.807190]
[523.568970,91.573593]
[657.999207,37.087406]
[468.228973,195.790070]
[774.032288,365.941254]
[114.968658,337.755341]
[801.032349,321.053314]
[411.434784,154.033768]
[642.436890,292.697296]
[518.867798,127.431999]
[659.749939,154.342163]
[662.877441,48.023418]
[453.944000,153.134171]
[673.761658,192.651245]
[408.888092,114.126053]
[579.733643,69.335152]
[194.652649,277.005157]
[659.750305,154.355103]
[150.026749,243.770584]
[-1.000000,-1.000000]
[659.549561,153.521545]
[409.129486,92.547493]
[644.354187,326.623932]
[427.104309,152.307907]
[738.691650,201.622284]
[761.697205,343.589844]
[781.814026,232.742294]
[420.207184,152.341980]
[159.370987,235.389175]
[132.298187,249.067703]
[677.273987,35.880791]
[132.289673,249.066574]
[260.778748,159.015381]
[440.402435,152.497818]
[664.013367,34.074280]
[608.403015,157.976700]
[524.317261,91.606644]
[807.910522,321.785706]
[420.165527,151.788849]
[525.999146,107.044014]
[453.004669,150.047623]
[534.587585,90.606979]
[516.834106,122.161499]
[519.019287,107.006187]
[518.957153,124.257080]
[213.836624,180.717926]
[251.716217,221.015686]
[129.036423,346.133911]
[799.996033,334.431671]
[689.376404,353.600372]
[754.738770,294.790436]
[457.841583,157.059967]
[151.982346,227.098312]
[460.385315,91.659821]
[662.944763,48.027676]
[807.971436,314.434631]
[676.544067,140.727661]
[455.989807,179.721558]
[729.677673,416.713867]
[150.022079,243.770737]
[501.103241,120.227715]
[801.009277,320.928436]
[759.201355,216.507492]
[500.466217,120.243408]
[498.088501,54.199909]
[662.945312,48.052895]
[199.531281,247.046951]
[122.748161,233.778107]
[660.316956,154.967926]
[128.037247,339.117828]
[701.428528,192.374664]
[644.355042,326.629822]
[460.529022,92.121445]
[659.549316,153.521194]
[641.362244,264.133362]
[722.033020,354.139008]
[677.275085,35.905617]
[670.011475,23.058109]
[782.630432,366.576752]
[785.384949,238.664108]
[661.377441,75.482956]
[551.464233,150.349579]
[589.639648,251.907822]
[806.349426,270.751892]
[633.421387,58.489670]
[790.761475,273.706177]
[513.322266,121.381958]
[676.337585,141.557526]
[818.984619,392.113708]
[577.074219,87.319244]
[95.798973,267.569397]
[551.459351,150.351135]
[632.572998,72.619629]
[662.932556,47.946571]
[653.602112,363.170685]
[413.655853,179.350052]
[530.983276,107.118355]
[730.076538,379.145782]
[751.077820,330.473358]
[727.915405,433.346588]
[142.280792,341.744385]
[805.931458,290.784149]
[523.557800,91.575752]
[440.402740,152.498123]
[740.760681,225.560074]
[168.988998,325.011566]
[785.935669,219.822067]
[778.831909,301.265594]
[736.506592,324.920654]
[450.313141,198.683655]
[449.674561,319.716522]
[-1.000000,-1.000000]
[628.029236,359.134216]
[525.104492,91.682648]
[754.735352,294.827393]
[765.412292,279.376312]
[826.107788,282.078217]
[785.914856,219.812836]
[516.671082,126.204346]
[509.989777,67.157272]
[680.044006,241.175507]
[736.512329,324.910492]
[538.038208,107.152176]
[660.340149,155.205338]
[676.543701,140.724182]
[449.132263,322.848175]
[524.314331,91.579170]
[659.020813,64.092621]
[508.763977,235.209885]
[677.282898,35.881451]
[626.470825,362.939545]
[523.562134,91.573952]
[739.023987,344.164520]
[8.354094,287.301575]
[500.463989,120.240463]
[775.241272,328.508972]
[736.509949,324.913605]
[194.642456,276.999115]
[659.750000,154.356354]
[653.825500,292.560822]
[566.014771,69.062775]
[653.827576,292.535980]
[114.958878,337.755890]
[676.542542,140.737854]
[118.046364,351.152435]
[662.957947,48.041378]
[-1.000000,-1.000000]
[520.897339,122.224281]
[-1.000000,-1.000000]
[375.188049,242.401779]
[782.511719,366.659210]
[464.672638,114.326187]
[528.104919,66.427841]
[826.105957,282.085693]
[673.760071,192.652496]
[129.579498,186.943588]
[644.353760,326.628632]
[807.339600,318.506409]
[745.169128,212.720139]
[663.387024,47.228973]
[190.635849,320.173676]
[632.213257,87.797066]
[157.891418,351.783203]
[493.469421,239.789062]
[760.778381,309.311707]
[727.915161,433.345917]
[792.898865,282.224548]
[663.016663,21.064957]
[560.144409,149.548096]
[708.703552,362.110474]
[516.862305,121.654411]
[686.286987,167.371246]
[663.397339,47.219975]
[32.034111,370.151062]
[662.903625,48.050282]
[559.130371,149.059570]
[785.575378,344.710419]
[460.487854,91.936584]
[782.641052,366.570068]
[120.238594,354.894226]
[663.395142,47.216602]
[780.107727,350.487488]
[676.543884,140.725403]
[432.751923,407.887390]
[168.699615,301.285156]
[375.187256,242.398407]
[37.535809,359.729889]
[580.210449,69.071243]
[171.395859,330.190948]
[92.349533,208.572784]
[-1.000000,-1.000000]
[12.079748,309.120819]
[525.041504,115.131256]
[524.132935,91.700691]
[662.007507,61.109745]
[776.795105,319.737823]
[666.037842,360.117401]
[356.119537,233.766785]
[806.584106,405.335327]
[774.026184,365.938812]
[594.928650,87.610260]
[8.350725,287.302887]
[826.107727,282.078705]
[460.378693,91.659668]
[713.381775,325.596863]
[663.019531,25.069340]
[194.640015,277.005463]
[185.228836,339.345612]
[642.437561,292.699585]
[501.122070,120.229446]
[608.419250,157.970306]
[660.024475,19.065765]
[489.464661,398.321350]
[669.054871,342.105011]
[809.326782,287.161377]
[184.931854,339.285431]
[652.011841,306.144867]
[765.124390,328.803009]
[801.034424,321.118317]
[470.851562,174.126801]
[665.959961,82.208084]
[120.229187,354.895874]
[739.068970,313.093231]
[689.369019,353.608887]
[640.378052,349.443787]
[689.371704,353.609100]
[702.052551,307.077148]
[-1.000000,-1.000000]
[673.764648,192.652863]
[746.033203,330.291504]
[673.761230,192.651245]
[527.839966,226.407074]
[645.039368,348.132568]
[712.835083,306.056274]
[528.246338,226.184662]
[534.244690,90.646774]
[71.490570,265.616791]
[73.889496,268.934357]
[-1.000000,-1.000000]
[653.422913,326.463715]
[-1.000000,-1.000000]
[632.600098,71.608536]
[788.556702,232.331940]
[745.850342,212.580597]
[654.035156,347.105957]
[109.437614,296.456238]
[721.029785,386.130249]
[644.357605,326.652588]
[513.318970,121.386444]
[559.366455,149.225021]
[171.626602,330.373383]
[815.386658,292.013062]
[712.836365,306.055237]
[129.546143,186.937805]
[118.476517,314.049774]
[632.571472,72.618118]
[667.033508,325.050629]
[258.499329,232.267548]
[823.385986,406.380890]
[120.241867,354.897186]
[676.642700,140.565460]
[498.108154,54.190727]
[602.203430,68.084747]
[579.733093,69.334068]
[793.193604,331.686523]
[592.311218,57.231335]
[653.496460,326.491211]
[517.019043,68.152054]
[460.537292,92.126694]
[553.110840,69.062927]
[409.136108,92.521461]
[137.832245,358.621124]
[766.480164,247.167648]
[667.021729,22.047031]
[524.123047,62.147289]
[746.156616,217.695160]
[171.797256,330.181976]
[642.438538,292.700714]
[785.933594,219.818192]
[235.075485,155.021301]
[144.843292,348.363464]
[460.485413,91.935143]
[470.848938,132.095230]
[764.579529,221.818451]
[114.947639,337.755981]
[538.910522,133.337082]
[701.449829,192.376373]
[817.817200,358.122192]
[760.144653,365.837921]
[769.769592,218.618546]
[612.258057,69.853325]
[657.055176,341.082764]
[610.747314,152.370087]
[668.011047,18.070309]
[13.089733,312.096283]
[449.815338,301.479584]
[354.245178,231.260132]
[776.415833,364.027069]
[18.076328,323.142273]
[35.152924,447.526031]
[610.438538,69.412903]
[610.747314,152.372192]
[782.514465,366.656891]
[689.375549,353.599762]
[560.151794,149.546356]
[782.545227,366.638763]
[528.244812,226.183395]
[8.375402,287.307312]
[817.807983,358.123474]
[162.039886,313.139648]
[660.399902,172.558167]
[459.923370,201.074203]
[817.812134,358.139130]
[392.848633,172.114716]
[661.019958,28.087551]
[450.735413,199.333145]
[720.017090,350.135223]
[450.733978,199.328720]
[-1.000000,-1.000000]
[708.653381,361.859650]
[538.702759,220.906464]
[14.078201,320.127991]
[-1.000000,-1.000000]
[772.483948,229.057007]
[642.439209,292.701843]
[538.693909,220.923401]
[658.625427,168.305328]
[-1.000000,-1.000000]
[807.976196,314.436218]
[689.374634,353.596405]
[786.361084,290.281189]
[799.627502,334.451508]
[493.459930,239.798203]
[28.067551,340.133545]
[653.180054,326.259979]
[785.925659,219.824997]
[708.650696,361.851715]
[739.067505,354.124512]
[622.007935,71.075104]
[784.149353,241.339722]
[89.501976,351.489655]
[8.354820,287.307587]
[409.136597,92.522430]
[775.231018,328.492706]
[-1.000000,-1.000000]
[518.735474,128.135147]
[-1.000000,-1.000000]
[549.446228,55.460995]
[-1.000000,-1.000000]
[706.040588,351.113953]
[96.010269,267.591858]
[732.095459,366.156097]
[507.566620,227.592087]
[518.743469,128.135803]
[570.307129,100.723076]
[792.447510,318.697479]
[628.284912,258.225525]
[21.076235,323.095398]
[648.014160,311.106323]
[690.905090,360.214935]
[528.723145,220.316513]
[605.526917,96.414932]
[799.511597,334.458160]
[24.028845,306.406769]
[712.028870,346.117279]
[626.994385,378.147522]
[592.371582,57.238262]
[592.372437,57.236988]
[171.801361,330.162598]
[570.246582,101.559807]
[676.544006,140.723679]
[679.032349,347.104553]
[118.385033,314.487488]
[772.203674,361.432373]
[669.045227,345.082001]
[610.933960,69.539932]
[592.374146,57.238060]
[80.580925,323.392670]
[708.630554,361.808228]
[528.046021,66.432419]
[736.514954,324.916199]
[190.632980,320.172058]
[438.801575,87.047897]
[34.046486,335.101196]
[677.275269,35.908390]
[632.571838,72.618942]
[524.324036,91.610367]
[843.364868,391.883148]
[607.191040,121.963226]
[626.477234,362.928802]
[735.903809,313.100891]
[622.016052,60.010731]
[118.390808,314.459717]
[691.017517,360.357819]
[460.399078,91.699471]
[171.845535,330.144226]
[738.672974,201.618195]
[20.045748,294.143311]
[569.525757,100.542122]
[-1.000000,-1.000000]
[775.623901,371.637573]
[740.019897,341.144806]
[559.457581,149.236893]
[543.427185,307.057709]
[159.050262,322.127960]
[349.131531,245.614883]
[432.354645,125.003441]
[577.071716,87.318146]
[843.349487,391.884399]
[91.077827,209.374451]
[653.032166,342.115021]
[507.414886,215.924759]
[547.288208,333.634949]
[776.221008,248.643127]
[529.147888,215.742035]
[775.623352,359.583099]
[559.723816,149.361176]
[385.059082,132.035706]
[828.872986,402.215576]
[670.013306,150.094070]
[555.756042,55.582722]
[606.574280,119.368584]
[509.984497,61.157990]
[100.899918,349.182495]
[432.354767,124.976707]
[799.639648,334.450287]
[171.815018,330.129364]
[651.066284,386.124359]
[596.012878,74.123291]
[632.572998,72.619629]
[157.933594,351.773254]
[653.320068,326.379974]
[626.771118,345.434601]
[668.069153,331.099670]
[450.321594,198.682770]
[171.761383,330.216187]
