[58.539246,398.114868]
[94.484703,213.859695]
[804.121094,287.988159]
[637.572021,202.091705]
[427.229553,152.245972]
[411.462860,153.428223]
[427.228760,152.261139]
[615.793579,205.602707]
[658.043030,349.018555]
[587.422791,251.664307]
[804.096252,287.919434]
[94.580704,213.916122]
[375.165955,242.621277]
[408.087250,193.436935]
[440.476685,152.423767]
[664.967224,150.601105]
[473.633057,185.743286]
[628.236877,258.208984]
[397.607117,184.563660]
[665.510864,149.268066]
[802.642883,202.586792]
[677.419922,141.554565]
[397.586884,184.551743]
[440.473602,152.421158]
[411.528015,155.956192]
[825.813538,242.726364]
[411.526703,155.964676]
[627.996887,333.000549]
[473.642059,185.743835]
[534.494324,90.607132]
[473.632660,185.741409]
[411.533447,153.789429]
[662.953857,47.991482]
[642.392395,292.629425]
[628.236633,258.187347]
[150.205811,212.839996]
[525.091980,91.671638]
[397.587677,184.561127]
[677.213196,35.861496]
[411.510315,152.245209]
[626.744141,345.393890]
[361.819427,233.675674]
[427.228638,152.261703]
[665.506531,149.270676]
[661.004578,31.071678]
[677.419006,141.549133]
[626.744507,345.386566]
[804.096436,287.917999]
[440.480560,152.420334]
[269.367065,247.210861]
[397.586639,184.557938]
[565.692017,243.857864]
[781.357056,325.888397]
[493.776337,240.484344]
[132.471069,152.505371]
[6.557096,261.835907]
[823.952942,216.327164]
[755.009949,151.327713]
[539.782654,224.567978]
[763.110168,363.576965]
[579.758362,69.278839]
[496.840393,149.589966]
[823.957275,216.327148]
[440.478546,152.421326]
[634.090149,139.806396]
[523.423218,91.587173]
[657.998352,37.054321]
[468.121857,195.761673]
[772.881042,360.661682]
[114.923294,337.650360]
[804.094604,287.903503]
[411.480530,153.988083]
[642.405212,292.643768]
[518.887695,127.431625]
[664.973633,150.588486]
[662.856323,48.014961]
[453.092438,153.092606]
[676.864685,166.062332]
[409.078339,113.684448]
[579.742126,69.277130]
[194.639282,276.937225]
[664.966858,150.600266]
[150.211365,212.843506]
[-1.000000,-1.000000]
[665.495178,149.267410]
[409.288177,92.612961]
[644.327026,326.556885]
[427.242126,152.252518]
[755.005432,151.324738]
[763.502930,333.113647]
[812.629883,170.263565]
[420.385223,152.315125]
[158.246521,207.040848]
[126.575050,211.592941]
[677.219788,35.846619]
[126.565536,211.589737]
[257.542419,153.240768]
[440.475098,152.410919]
[664.011108,34.032455]
[610.395569,156.822083]
[524.215637,91.621925]
[808.470764,299.147797]
[420.385040,151.736816]
[526.000610,107.009697]
[453.784424,149.989227]
[534.500427,90.619064]
[516.843933,122.153183]
[519.063904,106.951004]
[518.974915,124.258492]
[213.032455,167.329193]
[241.546783,210.637314]
[129.006485,346.048828]
[806.244629,297.667145]
[689.400757,353.579346]
[812.816101,264.591125]
[457.886230,157.029037]
[152.279449,196.486099]
[460.460663,91.655235]
[662.924988,48.019451]
[809.627258,282.130951]
[677.395020,141.141159]
[456.015656,179.680344]
[729.672791,416.633759]
[150.206985,212.842087]
[501.133820,120.180672]
[804.093811,287.853302]
[791.070374,151.340149]
[500.452759,120.195503]
[498.106018,54.136719]
[662.926636,48.044197]
[199.358459,246.160599]
[115.877098,192.774948]
[664.909607,151.345581]
[128.004974,339.010132]
[694.568787,159.266846]
[644.327454,326.562439]
[460.580566,92.100975]
[665.494568,149.266724]
[641.356018,264.130249]
[722.083557,354.050629]
[677.216003,35.867592]
[669.991516,23.081417]
[779.542297,359.126190]
[815.297546,175.490295]
[661.383362,75.484451]
[551.322021,150.263412]
[587.434814,251.666183]
[834.562744,192.708221]
[633.398376,58.561893]
[820.654114,193.260849]
[513.335022,121.396194]
[677.349426,142.079712]
[818.914795,392.064056]
[577.080444,87.263199]
[94.503288,213.843262]
[551.325134,150.260910]
[632.539612,72.532227]
[662.910156,47.938377]
[653.620728,363.102081]
[413.472839,179.268829]
[530.985107,107.099388]
[730.046143,379.076935]
[751.605896,328.980743]
[727.896790,433.333588]
[142.222992,341.662506]
[843.553589,285.392242]
[523.428223,91.583206]
[440.478546,152.421326]
[767.096497,166.688675]
[168.972672,324.911743]
[818.369141,159.513748]
[816.337585,217.590027]
[736.577393,324.853119]
[450.207550,198.572235]
[449.839935,319.632477]
[-1.000000,-1.000000]
[627.957397,359.035736]
[525.082397,91.661552]
[812.779907,264.612427]
[802.674133,202.581772]
[847.383179,286.846588]
[818.349609,159.528061]
[516.673828,126.206787]
[510.014862,67.124794]
[616.080505,205.298645]
[736.582581,324.843597]
[538.021912,107.085419]
[664.997986,151.517349]
[677.389038,141.137680]
[449.255981,322.751434]
[524.212830,91.596046]
[659.030945,64.029709]
[509.425903,237.012939]
[677.229614,35.843147]
[626.415894,362.850922]
[523.432617,91.582176]
[738.938232,344.041931]
[8.302691,287.210938]
[500.451904,120.193214]
[825.814697,242.728424]
[736.580322,324.845123]
[194.623871,276.932190]
[664.967346,150.600449]
[653.789124,292.522552]
[566.010620,69.026810]
[653.789978,292.495605]
[114.915024,337.650879]
[677.411072,141.150497]
[118.001488,351.067474]
[662.936890,48.033890]
[-1.000000,-1.000000]
[520.896484,122.206161]
[-1.000000,-1.000000]
[375.168976,242.624344]
[779.426025,359.280029]
[464.759491,114.317184]
[528.033264,66.413155]
[847.373962,286.832520]
[672.165344,169.616379]
[140.339081,150.701370]
[644.326416,326.562622]
[808.298889,282.735657]
[764.154602,158.827209]
[663.381714,47.212097]
[190.607605,320.074097]
[632.185974,87.793808]
[157.890244,351.709381]
[493.777985,240.474182]
[815.402283,241.055237]
[727.897888,433.330231]
[847.725891,248.426819]
[663.017700,21.077271]
[560.455261,149.525482]
[708.745056,362.040222]
[516.865845,121.666618]
[697.438904,142.098267]
[663.392944,47.202431]
[31.975403,370.064545]
[662.884827,48.043400]
[559.274902,149.004150]
[781.359680,325.900635]
[460.540588,91.930153]
[779.557190,359.090607]
[120.205788,354.822723]
[663.390198,47.199638]
[777.482849,323.044983]
[677.394348,141.138000]
[432.832031,407.717255]
[168.731155,301.250763]
[375.169128,242.621429]
[37.472969,359.670563]
[580.225220,69.036301]
[171.378632,330.113098]
[109.181808,152.849365]
[-1.000000,-1.000000]
[12.031258,308.991821]
[525.040649,115.108109]
[524.073120,91.707062]
[662.012817,61.092594]
[824.033203,235.376663]
[666.051086,360.031128]
[355.616119,235.099075]
[806.671143,405.288116]
[772.881775,360.663910]
[594.991882,87.498138]
[8.304564,287.214294]
[847.382874,286.846344]
[460.465607,91.652077]
[713.456360,325.512054]
[663.010925,25.064793]
[194.620056,276.936707]
[185.220703,339.257568]
[642.407715,292.648804]
[501.166962,120.176071]
[610.404602,156.819473]
[660.013550,19.055815]
[489.476379,398.236877]
[669.037476,342.025452]
[846.627686,286.037415]
[184.920593,339.185028]
[651.999390,306.083801]
[818.012695,252.267868]
[804.112854,287.958801]
[470.926880,174.093170]
[665.953369,82.120026]
[120.205879,354.819885]
[739.294250,312.651947]
[689.392456,353.588715]
[640.347961,349.389587]
[689.395874,353.587952]
[702.077698,307.023743]
[-1.000000,-1.000000]
[671.578979,169.865891]
[746.017029,329.542999]
[676.826050,166.054947]
[539.578308,224.825455]
[645.030029,348.055176]
[712.855713,306.017639]
[539.781860,224.565842]
[534.150330,90.668098]
[68.810516,218.125961]
[71.480896,222.073700]
[-1.000000,-1.000000]
[653.403687,326.422974]
[-1.000000,-1.000000]
[632.568176,71.602333]
[817.736694,171.244537]
[764.957336,158.251266]
[654.031372,347.042969]
[105.480858,244.061523]
[720.997437,386.066681]
[644.330627,326.587494]
[513.331665,121.400757]
[559.687317,149.181076]
[171.589630,330.307739]
[834.807312,284.930176]
[712.857422,306.016388]
[140.314423,150.693558]
[117.994331,313.819885]
[632.538330,72.544701]
[667.018555,324.962738]
[251.885452,225.945480]
[823.373596,406.360748]
[120.219162,354.820251]
[677.495605,141.053894]
[498.127991,54.128304]
[602.213013,68.047218]
[579.740845,69.276360]
[838.398682,282.584564]
[592.350098,57.191368]
[653.475464,326.447083]
[516.982666,68.100739]
[460.584839,92.102882]
[553.056885,69.025482]
[409.292603,92.589821]
[137.784668,358.537506]
[803.342285,173.775742]
[666.999573,22.041044]
[524.071838,62.095036]
[766.695129,161.561905]
[171.764236,330.100311]
[642.406189,292.647034]
[818.364563,159.513428]
[233.874069,148.532272]
[144.831146,348.298981]
[460.538910,91.928703]
[470.996765,132.097214]
[800.436646,153.733658]
[114.905052,337.650299]
[538.920532,133.376495]
[694.504578,159.190704]
[806.570374,362.593719]
[761.770325,364.699097]
[806.645874,151.552734]
[612.264587,69.813675]
[657.055298,341.022217]
[613.950134,150.511505]
[668.003113,18.060825]
[13.030867,311.952240]
[450.003693,301.406311]
[353.811646,232.495956]
[774.651733,357.178253]
[17.986059,322.995087]
[35.086723,447.382477]
[610.424011,69.437592]
[613.951416,150.512894]
[779.428589,359.278046]
[689.400696,353.579376]
[560.435181,149.527298]
[779.465027,359.251404]
[539.779968,224.565567]
[8.310306,287.210297]
[806.565308,362.596008]
[162.003265,313.059937]
[666.617310,160.308640]
[459.725464,200.989166]
[806.568604,362.604004]
[392.997040,172.029205]
[661.011353,28.053921]
[450.598328,199.202148]
[720.063171,350.040649]
[450.597626,199.198425]
[-1.000000,-1.000000]
[708.687195,361.793579]
[548.905762,218.021957]
[14.019854,319.992493]
[-1.000000,-1.000000]
[808.178467,162.448715]
[642.409607,292.650665]
[548.898010,218.048676]
[665.416992,159.687988]
[-1.000000,-1.000000]
[809.589966,282.142517]
[689.398376,353.576477]
[823.936279,216.327469]
[806.212830,297.625244]
[493.766785,240.485153]
[28.051277,340.038879]
[653.178528,326.213409]
[818.349487,159.528122]
[708.683838,361.785400]
[739.058167,354.040344]
[621.991455,71.027985]
[814.240784,176.823105]
[88.498451,350.458618]
[8.303235,287.217041]
[409.298004,92.588745]
[825.796814,242.720276]
[-1.000000,-1.000000]
[518.762451,128.126770]
[-1.000000,-1.000000]
[549.494873,55.447540]
[-1.000000,-1.000000]
[706.059875,351.061310]
[94.582375,213.921555]
[732.083130,366.088409]
[508.037628,229.317230]
[518.767517,128.127045]
[570.277527,100.704185]
[845.833130,285.653015]
[628.230408,258.210388]
[20.981556,322.956207]
[647.994446,311.020538]
[690.902588,360.156281]
[540.057556,218.671783]
[605.540039,96.365448]
[826.562927,283.518738]
[24.092909,306.394287]
[712.031311,346.020782]
[626.934753,378.082245]
[592.476074,57.208488]
[592.446289,57.207127]
[171.772690,330.081848]
[570.221863,101.674866]
[677.389526,141.137360]
[679.052490,347.081879]
[117.942177,314.384674]
[772.160767,355.709900]
[669.031555,345.023773]
[610.973816,69.554390]
[592.485413,57.209122]
[72.281624,267.134094]
[708.658447,361.745880]
[527.884216,66.360962]
[736.584534,324.847626]
[190.602310,320.068939]
[438.886292,87.022209]
[34.020584,335.004456]
[677.217041,35.870270]
[632.538391,72.532043]
[524.214111,91.625641]
[843.343567,391.827332]
[607.453918,121.358116]
[626.422363,362.841705]
[736.185913,312.850677]
[622.001404,59.956581]
[117.947853,314.348145]
[691.019836,360.309967]
[460.479248,91.696243]
[171.807480,330.059662]
[755.004944,151.323578]
[20.038528,294.051270]
[569.567566,100.536804]
[-1.000000,-1.000000]
[773.558044,366.762726]
[739.767090,340.994019]
[559.689697,149.193039]
[543.653564,307.090057]
[159.032730,322.042755]
[347.433655,246.875900]
[432.501007,124.942253]
[577.080139,87.264229]
[843.333313,391.829834]
[106.010139,153.128403]
[653.037170,342.054321]
[508.111389,217.696320]
[548.414490,333.437164]
[809.452515,182.450653]
[539.940308,214.306702]
[774.035339,351.197144]
[560.015686,149.330215]
[385.240479,132.397156]
[828.890320,402.154877]
[672.423462,149.801559]
[555.688293,55.505562]
[606.363403,118.860657]
[510.009857,61.125328]
[100.648293,348.982391]
[432.501282,124.917946]
[806.215088,297.626831]
[171.783768,330.045929]
[650.682495,386.061462]
[596.064758,74.078690]
[632.539612,72.532227]
[157.904236,351.698639]
[653.307800,326.347351]
[626.744141,345.393890]
[668.021545,331.027496]
[450.214355,198.570694]
[171.722961,330.140656]
