[58.441772,398.077637]
[87.140213,259.025116]
[828.423462,298.297668]
[645.628601,224.158508]
[427.342499,152.143906]
[411.512268,153.393616]
[427.354095,152.158142]
[-1.000000,-1.000000]
[658.017944,348.927246]
[609.314880,254.625214]
[828.422546,298.300629]
[87.173782,259.053467]
[374.623169,242.180801]
[408.256622,193.413757]
[441.184937,152.396835]
[664.668457,152.393570]
[473.795807,185.689774]
[629.363342,259.864685]
[397.783386,184.497116]
[665.226013,150.631165]
[800.975159,174.709076]
[677.458008,141.467468]
[397.762665,184.485062]
[441.190002,152.388306]
[411.529144,155.925919]
[828.523804,213.022919]
[411.531860,155.931473]
[628.029297,332.918671]
[473.805237,185.689850]
[534.468445,90.537720]
[473.794586,185.687805]
[411.508545,153.786163]
[662.983032,47.968662]
[642.459229,292.589111]
[629.367554,259.855408]
[136.740387,232.543030]
[525.100098,91.662857]
[397.755188,184.501587]
[677.229065,35.813606]
[411.503418,152.229935]
[626.774231,345.344727]
[360.941132,235.155151]
[427.344147,152.159637]
[665.219788,150.645889]
[661.016052,31.041576]
[677.452637,141.463989]
[626.775330,345.339905]
[828.422546,298.300629]
[441.197449,152.378738]
[270.824463,246.908691]
[397.753662,184.497787]
[576.149231,247.274750]
[784.202148,322.297028]
[494.177277,240.646240]
[109.334557,187.302902]
[6.582673,261.767395]
[823.239990,180.503189]
[756.297485,154.982513]
[546.674561,227.267197]
[763.192261,363.576996]
[579.791260,69.290543]
[496.847168,149.594803]
[823.252869,180.502289]
[441.188232,152.400635]
[639.663330,159.702423]
[523.404053,91.586609]
[657.987366,37.023327]
[468.285706,195.719894]
[772.977600,360.555328]
[115.114876,337.528076]
[828.421265,298.299591]
[411.518463,153.951096]
[642.472534,292.603973]
[518.915161,127.374420]
[664.671814,152.387604]
[662.845398,48.009418]
[455.320007,152.942810]
[685.954895,187.906952]
[409.206024,113.139938]
[579.774170,69.288422]
[194.637421,276.844635]
[664.668091,152.392731]
[136.768555,232.540344]
[-1.000000,-1.000000]
[665.207153,150.643677]
[409.439117,92.553421]
[644.365540,326.480530]
[427.313812,152.151505]
[756.296387,154.981781]
[764.591736,332.230957]
[806.655273,145.489761]
[420.432312,152.208237]
[151.011185,222.364960]
[113.971001,237.298813]
[677.235046,35.798229]
[113.969109,237.298935]
[252.321793,148.142120]
[441.088013,152.391922]
[664.023926,33.991787]
[640.548767,166.237381]
[524.242859,91.573090]
[838.326721,303.656067]
[420.391235,151.638641]
[526.042847,106.944817]
[454.300537,149.860275]
[534.484619,90.549004]
[516.897705,122.060989]
[519.120483,106.895157]
[519.001282,124.214676]
[189.111450,171.133682]
[239.720444,197.201996]
[128.989136,345.952423]
[824.531616,298.195953]
[689.426392,353.531219]
[824.361694,291.881622]
[458.133698,156.938507]
[139.459564,215.401505]
[460.539978,91.566933]
[662.936584,48.006729]
[828.466919,298.556091]
[677.367004,141.110962]
[456.197479,179.617310]
[729.696777,416.567719]
[136.743118,232.545425]
[501.089417,120.136635]
[828.419312,298.291107]
[790.130188,131.110504]
[500.360382,120.153465]
[498.107269,54.067577]
[662.951599,48.026672]
[199.353912,245.839493]
[104.378899,221.853027]
[664.643188,153.246826]
[128.059357,338.900909]
[706.740967,178.075882]
[644.366150,326.485718]
[460.682648,92.030113]
[665.206055,150.644089]
[640.748352,264.033020]
[722.098450,353.942841]
[677.231079,35.818497]
[670.008484,23.026297]
[780.354736,358.889130]
[808.812256,148.956711]
[661.326904,75.530563]
[551.047302,150.247864]
[609.318237,254.628998]
[845.755371,200.610641]
[633.399292,58.544300]
[831.116394,194.079346]
[513.351440,121.330833]
[677.344482,142.050278]
[819.057312,391.962952]
[577.129395,87.149544]
[87.136925,259.013000]
[551.037415,150.244095]
[632.582886,72.506256]
[662.923767,47.918587]
[653.590576,363.021332]
[413.146790,179.180695]
[531.048767,107.030632]
[730.056335,378.972076]
[752.201111,328.513733]
[727.925598,433.248291]
[142.238251,341.627930]
[-1.000000,-1.000000]
[523.405884,91.582520]
[441.188232,152.400635]
[763.508240,164.712387]
[168.971375,324.801941]
[813.447449,136.997986]
[812.656555,181.643539]
[736.590942,324.718842]
[450.356995,198.570496]
[449.964508,319.561737]
[-1.000000,-1.000000]
[628.010864,358.972229]
[525.102600,91.655876]
[824.328674,291.765350]
[800.944031,174.670746]
[847.663818,226.010681]
[813.433044,137.034729]
[516.746704,126.147133]
[509.993103,67.023026]
[-1.000000,-1.000000]
[736.597351,324.712860]
[538.032898,107.007225]
[664.700867,153.462585]
[677.361511,141.110077]
[449.386108,322.674896]
[524.228882,91.535423]
[659.040710,64.018600]
[509.717957,236.920105]
[677.244019,35.796062]
[626.472168,362.811462]
[523.410889,91.584335]
[738.941711,343.928040]
[8.311674,287.121246]
[500.367401,120.148514]
[828.529419,213.046585]
[736.595093,324.714355]
[194.623581,276.832916]
[664.668701,152.391220]
[653.902588,292.339020]
[566.035706,68.948212]
[653.902344,292.291565]
[115.107330,337.526398]
[677.385193,141.121979]
[118.354652,350.891754]
[662.961487,48.014400]
[-1.000000,-1.000000]
[520.947693,122.135223]
[-1.000000,-1.000000]
[374.625031,242.185226]
[780.134033,359.060394]
[464.943787,114.251938]
[527.963013,66.380524]
[847.666809,226.037720]
[683.425232,191.487030]
[113.849052,183.190094]
[644.365173,326.485474]
[828.645264,299.418549]
[759.153442,159.116806]
[663.383484,47.172607]
[190.606384,319.923706]
[632.216675,87.775337]
[157.940140,351.649384]
[494.178436,240.625061]
[832.094116,234.791504]
[727.929932,433.236542]
[849.404724,224.682327]
[663.041565,21.025164]
[560.440369,149.520233]
[708.721863,361.934082]
[516.905579,121.619179]
[697.416565,143.331955]
[663.393066,47.163387]
[32.055779,369.951630]
[662.886414,48.029232]
[559.337830,149.000900]
[784.218567,322.297546]
[460.610260,91.852119]
[780.341553,358.847717]
[120.550743,354.695465]
[663.391052,47.158424]
[784.945129,318.956665]
[677.366150,141.111328]
[432.923309,407.639160]
[168.788757,301.143219]
[374.625244,242.181976]
[37.502403,359.510132]
[580.245544,68.981941]
[171.373718,330.016266]
[81.454819,204.567245]
[-1.000000,-1.000000]
[12.066336,308.901520]
[525.094116,115.080017]
[524.065674,91.663513]
[661.998657,61.019058]
[827.366150,209.112900]
[666.024658,359.938354]
[353.257660,236.952881]
[806.741455,405.228271]
[772.977661,360.555786]
[594.983459,87.395866]
[8.311538,287.124542]
[847.654785,225.967728]
[460.559814,91.557213]
[713.357666,325.450348]
[663.034607,25.034279]
[194.617188,276.841858]
[185.189697,339.206024]
[642.476135,292.602295]
[501.097137,120.125206]
[640.558411,166.243591]
[660.019409,18.982889]
[489.524323,398.284241]
[668.995728,341.942169]
[846.691467,223.191071]
[184.885498,339.116760]
[652.007629,305.997681]
[818.949219,216.532364]
[828.423767,298.298950]
[471.128540,174.014023]
[665.955933,82.032555]
[120.551720,354.694275]
[739.287109,312.529022]
[689.416321,353.539032]
[640.376160,349.333588]
[689.420532,353.537933]
[702.086609,306.855774]
[-1.000000,-1.000000]
[683.148499,191.944763]
[746.152283,329.368958]
[685.923889,187.880478]
[546.143005,227.533295]
[645.013428,347.983276]
[712.848572,305.871735]
[546.674377,227.263214]
[534.139587,90.624397]
[72.598152,251.842606]
[75.482849,260.896362]
[-1.000000,-1.000000]
[653.403870,326.350891]
[-1.000000,-1.000000]
[632.625183,71.574089]
[811.661621,146.363297]
[759.450623,158.255417]
[654.030640,346.967255]
[107.413155,282.293365]
[720.991699,385.954987]
[644.368530,326.511658]
[513.348633,121.336334]
[559.754700,149.165695]
[171.596802,330.219788]
[-1.000000,-1.000000]
[712.849854,305.870575]
[113.802132,183.188187]
[117.164787,313.875183]
[632.585632,72.544952]
[666.991882,324.880463]
[256.065735,226.716156]
[823.431030,406.296082]
[120.570633,354.694977]
[677.443726,141.021942]
[498.128235,54.056362]
[602.402466,67.984642]
[579.772827,69.285011]
[-1.000000,-1.000000]
[592.219421,57.163601]
[653.476074,326.375916]
[517.023926,67.997177]
[460.675873,92.031548]
[553.100525,68.928635]
[409.443207,92.530144]
[137.778473,358.482086]
[797.760193,146.492126]
[667.027466,21.969517]
[523.931946,62.013271]
[761.207947,160.931000]
[171.763702,330.002472]
[642.474976,292.599823]
[813.439697,136.999420]
[231.103897,144.571960]
[144.877640,348.225708]
[460.619659,91.849144]
[471.173157,132.012329]
[799.450623,133.249832]
[115.099983,337.524445]
[538.872803,133.240906]
[706.734680,177.982422]
[810.964905,347.780304]
[761.796448,364.650116]
[803.974060,130.694702]
[612.305969,69.771866]
[657.031921,340.946289]
[630.159607,160.417679]
[668.020569,18.018698]
[13.065314,311.935120]
[450.052338,301.518555]
[351.589447,234.805969]
[775.099304,356.988739]
[17.986851,322.887543]
[35.177795,447.482391]
[610.544128,69.408905]
[630.166565,160.422409]
[780.155762,359.058533]
[689.425842,353.530090]
[560.446655,149.527100]
[780.257324,359.030609]
[546.681885,227.260681]
[8.315434,287.119781]
[810.954102,347.789459]
[162.054825,312.963562]
[667.162598,165.711807]
[459.921783,200.935974]
[810.958801,347.793518]
[393.218292,171.954697]
[661.037231,28.021826]
[450.844238,199.205765]
[720.055847,349.932312]
[450.842896,199.202759]
[-1.000000,-1.000000]
[708.664612,361.710297]
[560.322388,221.543091]
[13.949931,319.943207]
[-1.000000,-1.000000]
[803.459595,140.686035]
[642.478638,292.603149]
[560.323669,221.560410]
[665.661072,164.818466]
[-1.000000,-1.000000]
[828.459229,298.594177]
[689.424133,353.526611]
[823.206909,180.502319]
[824.518311,298.208221]
[494.166107,240.647507]
[27.751537,339.917908]
[653.218384,326.145020]
[813.433044,137.034729]
[708.662231,361.700653]
[739.043274,353.954987]
[622.006775,70.962936]
[807.922546,150.371689]
[86.137764,350.478760]
[8.311571,287.126617]
[409.446564,92.543488]
[828.506653,212.991974]
[-1.000000,-1.000000]
[518.837646,128.052246]
[-1.000000,-1.000000]
[549.583618,55.386410]
[-1.000000,-1.000000]
[706.045593,350.937775]
[87.174507,259.059570]
[732.134583,366.000397]
[508.324097,229.382904]
[518.840942,128.053116]
[570.231445,100.697617]
[845.626343,220.761200]
[629.357117,259.865417]
[20.771637,322.824921]
[648.014038,310.933899]
[690.880493,360.081909]
[547.179016,221.370209]
[605.508179,96.321709]
[-1.000000,-1.000000]
[24.219154,307.078278]
[711.998108,345.908691]
[627.008850,377.972412]
[592.478760,57.191002]
[592.417114,57.184689]
[171.770706,329.979156]
[570.257507,101.580276]
[677.364014,141.104065]
[679.074463,346.989777]
[116.927513,314.476288]
[772.292725,355.569183]
[668.975830,344.945496]
[610.966736,69.527199]
[592.500122,57.183701]
[86.650635,305.216522]
[708.635681,361.666229]
[527.829224,66.306854]
[736.600098,324.716492]
[190.596359,319.918854]
[439.148163,86.946800]
[33.733376,334.923126]
[677.232239,35.821815]
[632.583557,72.508224]
[524.240417,91.579964]
[843.391602,391.771118]
[607.345032,121.302368]
[626.479004,362.803314]
[736.213562,312.672791]
[622.019897,59.894714]
[116.945122,314.451294]
[690.993469,360.251617]
[460.573181,91.605423]
[171.810532,329.957092]
[756.303528,154.977783]
[20.887716,294.898682]
[569.594849,100.649315]
[-1.000000,-1.000000]
[773.624634,366.783997]
[739.783264,340.865051]
[559.797363,149.174179]
[543.806335,306.439545]
[159.052719,321.955658]
[335.335815,246.870895]
[432.619873,124.849121]
[577.132324,87.139359]
[843.383423,391.772461]
[79.477821,205.425964]
[653.042969,341.990051]
[508.276978,217.660812]
[549.029724,333.235931]
[803.378479,155.057922]
[546.750793,216.975754]
[774.506409,350.760376]
[560.099915,149.312500]
[385.349823,132.665344]
[828.871948,402.119263]
[672.140625,150.638977]
[555.809204,55.358334]
[606.272339,118.855026]
[509.993225,61.027328]
[99.551994,349.031311]
[432.620605,124.824158]
[824.516602,298.207642]
[171.787567,329.944214]
[650.122620,385.970764]
[596.059143,74.023499]
[632.582886,72.506256]
[157.948761,351.632202]
[653.322754,326.287994]
[626.774231,345.344727]
[668.015259,330.930817]
[450.363800,198.569382]
[171.721161,330.044891]
