[58.597820,398.111969]
[89.027481,245.674210]
[819.590271,298.858124]
[640.951416,232.328384]
[427.300262,152.186050]
[411.461456,153.388290]
[427.299927,152.201569]
[-1.000000,-1.000000]
[658.112549,348.933472]
[611.767700,254.993439]
[819.578979,298.831909]
[89.105431,245.705780]
[375.273590,242.523407]
[408.277771,193.377487]
[440.850830,152.401169]
[664.807129,152.272064]
[473.741089,185.683075]
[630.205444,260.601562]
[397.740021,184.503372]
[665.363037,150.498871]
[811.411255,233.356522]
[677.536987,141.447174]
[397.718872,184.490952]
[440.855286,152.392654]
[411.522369,155.908859]
[829.119019,275.949158]
[411.536011,155.914886]
[628.129761,332.925995]
[473.751038,185.684280]
[534.576050,90.559265]
[473.740204,185.681213]
[411.479034,153.775665]
[663.112366,47.947186]
[642.521851,292.570831]
[630.210632,260.590759]
[144.302307,230.694016]
[525.228149,91.650406]
[397.720062,184.501297]
[677.342896,35.822147]
[411.464172,152.217880]
[626.874634,345.350098]
[361.924530,234.035660]
[427.298859,152.200958]
[665.358704,150.502930]
[661.134277,31.026281]
[677.536072,141.442352]
[626.875854,345.345398]
[819.578979,298.831909]
[440.845123,152.381393]
[265.415863,247.036713]
[397.719086,184.497345]
[568.669617,248.623917]
[783.946533,322.324585]
[493.897614,240.438675]
[121.500381,175.073135]
[6.727246,261.767792]
[831.258057,249.306625]
[769.249817,186.123215]
[545.262817,226.981796]
[763.277222,363.572083]
[579.910034,69.280365]
[496.960419,149.577698]
[831.264526,249.310379]
[440.857483,152.395493]
[639.927490,160.049286]
[523.534546,91.488792]
[658.126831,37.009159]
[468.303925,195.722229]
[773.080017,360.561676]
[115.086731,337.620605]
[819.579102,298.831451]
[411.512939,153.939697]
[642.535339,292.586212]
[519.033325,127.377106]
[664.810730,152.267700]
[662.991638,47.975304]
[453.123718,153.001205]
[690.647278,199.654556]
[409.126282,113.568764]
[579.890381,69.278580]
[194.713120,276.835785]
[664.806396,152.271393]
[144.307205,230.697479]
[-1.000000,-1.000000]
[665.347168,150.500381]
[409.380157,92.519516]
[644.442078,326.514709]
[427.262268,152.195572]
[769.243713,186.120331]
[764.714050,332.211426]
[826.951782,203.880981]
[420.377350,152.268677]
[158.022125,223.360077]
[122.833481,233.216400]
[677.348999,35.808670]
[122.827484,233.215332]
[254.856293,157.288223]
[440.858398,152.380081]
[664.136780,33.978420]
[639.354187,168.893219]
[524.334351,91.525345]
[823.904907,304.131775]
[420.279999,151.680771]
[526.126709,106.939262]
[453.911804,149.881989]
[534.583435,90.570908]
[516.992798,122.072701]
[519.200317,106.883774]
[519.102539,124.207123]
[209.121216,176.542847]
[242.031784,215.100952]
[129.159180,345.966583]
[820.804749,300.981018]
[689.529114,353.494873]
[813.911072,285.904785]
[457.928070,156.912628]
[147.531250,214.217651]
[460.525787,91.577606]
[663.082031,47.971817]
[821.847717,299.102753]
[677.464600,141.084900]
[456.156036,179.637070]
[729.764587,416.560425]
[144.303604,230.696442]
[501.220337,120.122047]
[819.584290,298.831543]
[806.344910,181.121338]
[500.525269,120.137512]
[498.238251,54.062500]
[663.084351,47.995255]
[199.504440,245.869522]
[113.850098,217.165558]
[664.754517,153.184265]
[128.161438,338.959137]
[706.315552,196.175964]
[644.442444,326.520325]
[460.641174,92.006737]
[665.346619,150.500015]
[641.477600,264.045074]
[722.156738,353.953339]
[677.344849,35.827286]
[670.116577,23.024733]
[780.506531,358.978394]
[828.689636,211.054062]
[661.439270,75.470467]
[551.347046,150.244080]
[611.778320,254.996567]
[845.656921,228.109467]
[633.484253,58.511257]
[831.651123,228.178864]
[513.422485,121.344688]
[677.416077,142.036896]
[819.101990,391.978180]
[577.234741,87.149117]
[89.043365,245.655518]
[551.347717,150.241379]
[632.670593,72.524994]
[663.064697,47.893780]
[653.689392,363.031006]
[413.512634,179.177765]
[531.147888,107.047478]
[730.172363,378.985779]
[752.281372,328.517151]
[728.008667,433.265472]
[142.296921,341.623688]
[848.103821,287.728119]
[523.537842,91.484665]
[440.857483,152.395493]
[780.634155,199.546585]
[169.099747,324.808563]
[833.286743,189.865311]
[823.885498,249.532806]
[736.675171,324.737183]
[450.352020,198.532120]
[449.861877,319.591705]
[-1.000000,-1.000000]
[628.117432,358.976410]
[525.220703,91.641716]
[813.866699,285.874207]
[811.508850,233.307816]
[850.877869,283.779785]
[833.276978,189.894012]
[516.764832,126.151695]
[510.128326,67.025970]
[-1.000000,-1.000000]
[736.682495,324.731812]
[538.137756,107.019691]
[664.820312,153.432739]
[677.456848,141.086243]
[449.290619,322.711731]
[524.335938,91.495514]
[659.160767,63.974529]
[509.566071,236.930664]
[677.356628,35.805161]
[626.550476,362.797272]
[523.542969,91.485023]
[739.052917,343.923401]
[8.399765,287.102509]
[500.533875,120.132881]
[829.119873,275.951813]
[736.680664,324.733093]
[194.697235,276.828308]
[664.807434,152.271210]
[653.937561,292.425964]
[566.169739,68.956490]
[653.938477,292.399567]
[115.079643,337.620911]
[677.489624,141.092712]
[118.155785,350.984894]
[663.094727,47.984226]
[-1.000000,-1.000000]
[521.044922,122.136177]
[-1.000000,-1.000000]
[375.276367,242.526993]
[780.380737,359.141724]
[464.803986,114.244980]
[528.108582,66.375626]
[850.882385,283.786804]
[687.593445,202.845932]
[129.571716,171.850159]
[644.441772,326.519928]
[821.225525,300.323914]
[777.602051,192.665787]
[663.471497,47.169491]
[190.700684,319.938568]
[632.299377,87.780380]
[158.011902,351.634125]
[493.900360,240.429169]
[817.856750,272.167603]
[728.010376,433.264038]
[849.335205,273.880737]
[663.141174,21.024939]
[560.525574,149.517456]
[708.816162,361.953857]
[517.010010,121.625076]
[697.495422,143.339737]
[663.481567,47.160145]
[32.111973,369.968292]
[663.031616,47.998417]
[559.441528,148.988556]
[783.952942,322.323181]
[460.598846,91.841614]
[780.509644,358.940887]
[120.345192,354.754852]
[663.479370,47.156223]
[784.731201,319.037201]
[677.461243,141.085968]
[432.918854,407.684357]
[168.890259,301.157623]
[375.276459,242.524048]
[37.578323,359.594727]
[580.351624,68.985199]
[171.466278,330.017639]
[92.356956,186.262177]
[-1.000000,-1.000000]
[12.173120,308.931458]
[525.168274,115.068413]
[524.185425,91.657578]
[662.132324,61.021187]
[827.976257,268.339600]
[666.137573,359.952728]
[355.561310,235.426468]
[806.722046,405.185791]
[773.080200,360.563141]
[595.105408,87.480042]
[8.399870,287.104736]
[850.877625,283.779480]
[460.530609,91.574486]
[713.536316,325.452362]
[663.148315,25.019131]
[194.693222,276.832825]
[185.299759,339.226166]
[642.538086,292.591736]
[501.239075,120.112099]
[639.355042,168.896133]
[660.138367,19.003384]
[489.563416,398.205109]
[669.123413,341.941315]
[849.366760,282.937744]
[185.030624,339.132294]
[652.131531,306.011780]
[819.267883,281.249878]
[819.584106,298.847473]
[470.992035,174.020081]
[666.116516,82.019905]
[120.345329,354.752838]
[739.392395,312.541321]
[689.520264,353.505219]
[640.452698,349.332733]
[689.523926,353.503601]
[702.184204,306.883667]
[-1.000000,-1.000000]
[687.189819,203.365265]
[746.233032,329.377197]
[690.626404,199.621002]
[544.796021,227.266586]
[645.131714,347.985687]
[712.988770,305.886353]
[545.261902,226.977997]
[534.244141,90.598824]
[65.386703,242.698669]
[68.491127,244.468796]
[-1.000000,-1.000000]
[653.489746,326.354584]
[-1.000000,-1.000000]
[632.709595,71.565941]
[831.900574,205.527084]
[778.308716,192.005173]
[654.129089,346.980438]
[100.989708,275.795013]
[721.119202,385.982849]
[644.445374,326.544891]
[513.419678,121.349792]
[559.909058,149.169281]
[171.683365,330.229645]
[842.425903,299.321564]
[712.990479,305.885651]
[129.544144,171.845169]
[118.144737,313.727783]
[632.668945,72.537460]
[667.124756,324.872192]
[251.937683,229.464142]
[823.466919,406.316498]
[120.362823,354.755554]
[677.551331,141.012482]
[498.258423,54.051788]
[602.330811,67.984741]
[579.888672,69.274582]
[843.709473,293.469666]
[592.424988,57.153290]
[653.562683,326.377594]
[517.086060,68.006180]
[460.646606,92.009407]
[553.171509,68.944016]
[409.385406,92.494469]
[137.889389,358.475311]
[818.254822,204.190948]
[667.130676,21.974249]
[524.151184,62.017746]
[779.829651,195.122223]
[171.870407,330.003174]
[642.537109,292.588867]
[833.274902,189.869110]
[229.890152,152.386124]
[144.949707,348.224182]
[460.597809,91.840462]
[471.001190,131.990326]
[816.019226,183.489029]
[115.070328,337.619843]
[539.027222,133.311600]
[706.197388,196.109650]
[812.189514,358.996490]
[761.899292,364.662659]
[821.896057,181.487534]
[612.391663,69.777641]
[657.145691,340.953857]
[629.963684,160.132141]
[668.129028,18.030199]
[13.164621,311.908722]
[450.051819,301.460419]
[353.715912,232.870468]
[775.161621,356.994110]
[18.074064,322.938141]
[35.224216,447.393738]
[610.579468,69.389297]
[629.970947,160.141495]
[780.384644,359.139984]
[689.528748,353.495667]
[560.483215,149.519043]
[780.434998,359.111572]
[545.259766,226.976349]
[8.403723,287.100586]
[812.171387,359.015778]
[162.142273,312.971405]
[667.333130,165.686417]
[459.914612,200.907730]
[812.178345,359.020111]
[393.151550,171.935287]
[661.147949,28.004372]
[450.806030,199.149185]
[720.133301,349.943024]
[450.805206,199.145493]
[-1.000000,-1.000000]
[708.751953,361.722107]
[558.463440,221.690033]
[14.137267,319.936646]
[-1.000000,-1.000000]
[822.939758,192.390244]
[642.540527,292.593048]
[558.452026,221.710159]
[665.847412,164.863434]
[-1.000000,-1.000000]
[821.848267,299.142700]
[689.526978,353.492828]
[831.245239,249.310272]
[820.784485,300.980713]
[493.884766,240.441757]
[28.168674,339.972382]
[653.294495,326.156281]
[833.276428,189.893539]
[708.748596,361.714264]
[739.149780,353.950317]
[622.124268,70.967941]
[827.453674,212.669632]
[88.300438,350.392639]
[8.400309,287.107697]
[409.387695,92.508049]
[829.105408,275.951324]
[-1.000000,-1.000000]
[518.912109,128.062180]
[-1.000000,-1.000000]
[549.511963,55.378231]
[-1.000000,-1.000000]
[706.126648,350.947693]
[89.105904,245.708771]
[732.221069,366.001801]
[508.203247,229.248154]
[518.916870,128.063202]
[570.333191,100.630608]
[848.425415,283.109741]
[630.200378,260.602722]
[21.089922,322.900696]
[648.128906,310.961609]
[691.050354,360.089111]
[545.805176,221.150940]
[605.586731,96.309708]
[835.878052,312.532013]
[24.610846,306.782288]
[712.109070,345.912872]
[627.105774,377.975800]
[592.630676,57.179443]
[592.590332,57.174129]
[171.882339,329.983063]
[570.365234,101.626289]
[677.458984,141.081711]
[679.199829,346.994812]
[118.080460,314.326355]
[772.323975,355.559082]
[669.106079,344.941711]
[611.121033,69.533417]
[592.623291,57.171074]
[72.975082,300.796661]
[708.720581,361.677704]
[527.970276,66.300179]
[736.685974,324.735138]
[190.692276,319.933411]
[438.992035,86.929581]
[34.160278,334.922028]
[677.345642,35.830402]
[632.670532,72.524826]
[524.332214,91.529167]
[843.506531,391.799866]
[607.492920,121.248772]
[626.557190,362.788513]
[736.275452,312.735474]
[622.134338,59.905045]
[118.086662,314.289307]
[691.151489,360.252380]
[460.543732,91.618660]
[171.925217,329.959839]
[769.235657,186.118317]
[20.244814,294.025574]
[569.623596,100.523399]
[-1.000000,-1.000000]
[773.663330,366.739441]
[739.877380,340.869843]
[559.930115,149.182388]
[543.807251,306.927368]
[159.170731,321.955994]
[346.765625,246.815186]
[432.516357,124.868767]
[577.237244,87.137672]
[843.496765,391.801483]
[90.656998,186.976074]
[653.143188,341.996521]
[508.278290,217.651093]
[548.596375,333.285034]
[822.580383,217.327255]
[545.565552,216.730011]
[774.458862,350.763733]
[560.228821,149.309326]
[385.251526,132.556396]
[828.960999,402.136139]
[672.259338,150.511841]
[555.804749,55.382446]
[606.427917,118.784668]
[510.123993,61.030907]
[100.820175,348.906006]
[432.517517,124.846512]
[820.786072,300.980652]
[171.895950,329.947235]
[650.539185,385.967987]
[596.184631,74.001755]
[632.670593,72.524994]
[158.054398,351.618805]
[653.397827,326.277039]
[626.874634,345.350098]
[668.120544,330.929199]
[450.359161,198.530609]
[171.820648,330.047363]
