[58.488811,398.047974]
[90.852852,254.217255]
[827.897705,299.230743]
[639.918762,207.529556]
[427.274719,152.164001]
[411.326813,153.497314]
[427.263855,152.185898]
[-1.000000,-1.000000]
[658.059143,348.930756]
[598.356873,251.639496]
[827.898376,299.240448]
[90.920784,254.255692]
[374.348846,242.368652]
[408.192261,193.439178]
[440.815216,152.400009]
[664.492126,151.290771]
[473.680939,185.640793]
[627.985718,258.071381]
[397.637970,184.548920]
[665.178345,149.766312]
[779.895447,134.848633]
[677.385071,141.333862]
[397.618256,184.535263]
[440.987000,152.428635]
[411.275543,156.025772]
[805.152954,175.382797]
[411.277222,156.030502]
[628.086731,332.919189]
[473.689117,185.639221]
[534.521973,90.576859]
[473.679962,185.637436]
[411.272156,153.865631]
[663.037659,47.969913]
[642.485291,292.588226]
[627.986511,258.055664]
[134.906769,234.300690]
[525.149841,91.653709]
[397.610443,184.552246]
[677.275391,35.827709]
[411.330811,152.281204]
[626.819275,345.344971]
[360.441162,235.506821]
[427.275299,152.177979]
[665.189819,149.784271]
[661.080261,31.043465]
[677.379517,141.331238]
[626.820374,345.339844]
[827.898376,299.240448]
[440.998291,152.414215]
[265.995636,247.652893]
[397.608307,184.548599]
[572.330383,244.118637]
[784.252136,322.371399]
[493.992798,240.482895]
[108.762970,191.764771]
[6.679626,261.791321]
[802.550354,141.111023]
[735.839966,120.892166]
[543.357788,225.845276]
[763.214355,363.545837]
[579.827820,69.297180]
[496.873901,149.582657]
[802.564270,141.115463]
[440.985718,152.441269]
[636.006653,148.149078]
[523.478210,91.507744]
[658.052673,37.024765]
[468.223572,195.689819]
[772.990112,360.503418]
[115.383812,337.403198]
[827.896606,299.240936]
[411.279144,154.043793]
[642.497864,292.602051]
[518.947632,127.364418]
[664.496155,151.295319]
[662.906372,48.011749]
[456.139679,152.917053]
[673.495728,168.938828]
[409.074127,113.144936]
[579.808655,69.296463]
[194.671722,276.819092]
[664.492065,151.290390]
[134.913986,234.301010]
[-1.000000,-1.000000]
[665.175964,149.782196]
[409.300446,92.565269]
[644.416748,326.496948]
[427.178894,152.164856]
[735.836304,120.893013]
[764.673096,332.222900]
[784.919739,103.113922]
[420.336517,152.213577]
[149.517807,224.648621]
[120.333710,239.597183]
[677.280823,35.812866]
[120.331078,239.596893]
[245.139359,156.049500]
[440.813812,152.389648]
[664.060303,33.989075]
[633.509277,154.123703]
[524.317261,91.507431]
[837.431091,303.611389]
[420.200958,151.623291]
[526.085693,106.944107]
[455.259430,149.839630]
[534.539917,90.589012]
[516.931641,122.056198]
[519.180420,106.888138]
[519.031250,124.207817]
[186.672821,178.051834]
[232.324585,203.186142]
[129.029953,345.948975]
[824.303833,299.063202]
[689.502075,353.531586]
[824.741028,293.620056]
[457.851288,156.920654]
[136.937073,217.280396]
[460.427917,91.595978]
[663.003845,48.008400]
[827.912659,299.453888]
[677.395996,140.996979]
[456.098022,179.614502]
[729.727417,416.558258]
[134.909790,234.303589]
[501.131195,120.149445]
[827.895264,299.227631]
[769.696655,89.881592]
[500.379089,120.173256]
[498.158417,54.065029]
[663.013245,48.027855]
[199.374466,245.833160]
[108.200035,224.525024]
[664.414124,152.094437]
[128.118286,338.895020]
[701.532837,143.943588]
[644.418091,326.502106]
[460.568665,92.073082]
[665.174927,149.782883]
[640.771667,264.027527]
[722.152222,353.948334]
[677.277161,35.831898]
[670.056091,23.041142]
[780.417480,358.867889]
[787.420837,106.417694]
[661.378784,75.577354]
[551.134705,150.257645]
[598.360718,251.643631]
[823.709534,161.985260]
[633.452209,58.534111]
[809.816589,155.065628]
[513.396729,121.318932]
[677.309143,141.907822]
[819.137512,391.940216]
[577.184265,87.137108]
[90.848351,254.208084]
[551.127991,150.254684]
[632.617188,72.498009]
[662.994690,47.912022]
[653.637512,363.011047]
[412.580719,179.226334]
[531.099304,107.032631]
[730.117859,378.970428]
[752.221008,328.481201]
[727.963928,433.287964]
[142.285370,341.626434]
[-1.000000,-1.000000]
[523.480042,91.502960]
[440.985718,152.441269]
[743.870728,129.799500]
[169.031677,324.797546]
[790.875549,95.297142]
[792.116516,141.969971]
[736.630005,324.717621]
[450.278931,198.585724]
[449.872742,319.518066]
[-1.000000,-1.000000]
[628.049133,358.965546]
[525.158569,91.630020]
[824.705994,293.524109]
[779.883545,134.875046]
[823.595642,189.485031]
[790.865662,95.325630]
[516.773743,126.144684]
[510.046722,67.023499]
[-1.000000,-1.000000]
[736.636353,324.711426]
[538.113159,107.010475]
[664.411133,152.302399]
[677.390442,140.995605]
[449.318085,322.631470]
[524.302795,91.466690]
[659.112854,64.021278]
[509.627686,236.903076]
[677.288635,35.810360]
[626.498169,362.813904]
[523.484802,91.504890]
[738.994385,343.919495]
[8.325871,287.101562]
[500.395844,120.166512]
[805.152954,175.413208]
[736.634583,324.713470]
[194.655838,276.812103]
[664.493103,151.297546]
[653.948486,292.363708]
[566.068359,68.944138]
[653.948364,292.317871]
[115.374092,337.402283]
[677.412292,141.006439]
[118.162262,350.881653]
[663.019897,48.016190]
[-1.000000,-1.000000]
[520.979980,122.124367]
[-1.000000,-1.000000]
[374.351898,242.371170]
[780.169312,359.042877]
[464.820221,114.231590]
[528.017639,66.373245]
[823.597595,189.502777]
[670.321716,171.882141]
[113.432274,188.039398]
[644.416748,326.502502]
[828.029236,300.020294]
[738.995850,124.691101]
[663.420593,47.175457]
[190.624237,319.898041]
[632.245239,87.825600]
[157.998550,351.644745]
[493.994324,240.462082]
[808.610474,196.893387]
[727.968384,433.275116]
[825.457458,188.174988]
[663.106750,21.050846]
[560.463440,149.535965]
[708.797668,361.935211]
[516.934937,121.614891]
[693.282349,137.827057]
[663.430237,47.166245]
[32.077248,369.954224]
[662.956177,48.027081]
[559.379822,149.019562]
[784.265930,322.371857]
[460.484741,91.892586]
[780.395935,358.824432]
[120.505440,354.687347]
[663.427856,47.161739]
[784.974976,318.956757]
[677.394592,140.996704]
[432.924591,407.578033]
[168.814819,301.143524]
[374.350739,242.369217]
[37.528351,359.500244]
[580.283691,68.985748]
[171.399872,330.016571]
[84.223984,203.800873]
[-1.000000,-1.000000]
[12.133916,308.857056]
[525.124878,115.080933]
[524.107422,91.650841]
[662.074707,61.017349]
[804.428406,170.982208]
[666.067017,359.934357]
[352.018158,237.727646]
[806.823669,405.228210]
[772.997009,360.507629]
[595.043762,87.410095]
[8.327254,287.104492]
[823.595276,189.444519]
[460.437744,91.590981]
[713.396606,325.458588]
[663.109192,25.048763]
[194.650894,276.819977]
[185.236053,339.222473]
[642.501404,292.600067]
[501.139008,120.138245]
[633.546936,154.116089]
[660.065369,18.985073]
[489.443512,398.252686]
[669.058167,341.958069]
[822.859863,186.359329]
[184.947647,339.131134]
[652.072937,306.000916]
[795.899231,178.311020]
[827.899658,299.238831]
[471.021820,173.974609]
[666.027100,82.056068]
[120.507088,354.686188]
[739.302490,312.496490]
[689.491577,353.540131]
[640.413208,349.336334]
[689.496460,353.538605]
[702.167114,306.865723]
[-1.000000,-1.000000]
[669.904053,172.287537]
[746.179626,329.350555]
[673.479309,168.930573]
[542.904846,226.185318]
[645.062012,347.980347]
[712.911499,305.890808]
[543.357117,225.841858]
[534.175171,90.649246]
[81.629417,252.112854]
[84.938141,253.745895]
[-1.000000,-1.000000]
[653.468872,326.386505]
[-1.000000,-1.000000]
[632.666199,71.542984]
[790.194458,103.879173]
[739.190613,123.800232]
[654.090759,346.979858]
[116.367500,273.468506]
[721.060425,385.945892]
[644.420349,326.529053]
[513.393738,121.324219]
[559.918762,149.188187]
[171.652008,330.216888]
[-1.000000,-1.000000]
[712.913818,305.889130]
[113.396744,188.039612]
[120.034966,312.640381]
[632.628601,72.529572]
[667.045898,324.901520]
[251.761841,230.073212]
[823.435486,406.292175]
[120.537064,354.688293]
[677.475586,140.911896]
[498.176514,54.054001]
[602.327087,67.973251]
[579.808533,69.287430]
[-1.000000,-1.000000]
[592.236755,57.157089]
[653.539917,326.412048]
[517.135559,67.990921]
[460.562958,92.075325]
[553.158264,68.927757]
[409.306091,92.540215]
[137.813965,358.483368]
[775.550354,105.707283]
[667.084167,21.975895]
[524.060730,62.008369]
[741.192871,126.321472]
[171.792053,330.004517]
[642.500366,292.598114]
[790.866638,95.297707]
[221.412216,152.985718]
[144.939529,348.217773]
[460.493408,91.889137]
[471.037659,132.003342]
[777.181458,92.020554]
[115.370293,337.403381]
[538.929382,133.209869]
[701.513672,143.861267]
[811.258118,347.986176]
[761.838684,364.613037]
[781.561707,89.350853]
[612.295166,69.761032]
[657.091980,340.967285]
[623.906982,154.438278]
[668.075500,18.028688]
[13.145555,311.914185]
[449.960236,301.494934]
[350.493011,235.735458]
[775.141724,356.967651]
[18.049181,322.848999]
[35.213264,447.479797]
[610.509216,69.393646]
[623.908386,154.438995]
[780.201111,359.041138]
[689.502563,353.532043]
[560.454773,149.543259]
[780.318604,359.013489]
[543.362122,225.838730]
[8.331864,287.098663]
[811.247803,347.998383]
[162.116653,312.958069]
[665.179993,161.844376]
[459.856537,200.949539]
[811.252014,348.002869]
[392.918579,171.982162]
[661.085632,28.018570]
[450.744934,199.219437]
[720.125061,349.935120]
[450.742981,199.215561]
[-1.000000,-1.000000]
[708.735535,361.711517]
[553.556091,219.552032]
[14.025065,319.928009]
[-1.000000,-1.000000]
[781.120789,99.264771]
[642.504333,292.600861]
[553.560913,219.565704]
[663.904419,161.292755]
[-1.000000,-1.000000]
[827.902283,299.497833]
[689.499756,353.526764]
[802.528992,141.126160]
[824.289978,299.073730]
[493.980133,240.477646]
[27.793648,339.903778]
[653.268860,326.168365]
[790.865662,95.325630]
[708.731934,361.701538]
[739.120056,353.948792]
[622.058411,70.959572]
[786.481018,107.633865]
[92.677040,350.160706]
[8.328056,287.107147]
[409.308929,92.553886]
[805.134705,175.356705]
[-1.000000,-1.000000]
[518.870850,128.050568]
[-1.000000,-1.000000]
[549.626770,55.394474]
[-1.000000,-1.000000]
[706.127136,350.938171]
[90.921608,254.259979]
[732.153076,366.003418]
[508.220764,229.307846]
[518.870850,128.051804]
[570.311462,100.598106]
[821.932129,183.658234]
[627.979919,258.070129]
[20.815813,322.817230]
[648.073242,310.969055]
[690.956238,360.084381]
[543.765686,219.911331]
[605.497986,96.324608]
[-1.000000,-1.000000]
[24.273853,307.035828]
[712.078918,345.909729]
[627.034607,377.948639]
[592.458008,57.181396]
[592.382324,57.174786]
[171.798538,329.980682]
[570.304749,101.809723]
[677.393616,140.990189]
[679.139893,347.019531]
[119.532768,313.328491]
[772.355042,355.544006]
[669.043457,344.962036]
[611.014771,69.543625]
[592.457764,57.178513]
[95.913582,304.003815]
[708.705444,361.667572]
[527.852844,66.293129]
[736.639893,324.715118]
[190.613449,319.893524]
[439.044220,86.975800]
[33.728844,334.914307]
[677.277954,35.835861]
[632.617859,72.500580]
[524.314270,91.514519]
[843.452332,391.767456]
[607.358215,121.353348]
[626.505249,362.805023]
[736.220154,312.674896]
[622.076355,59.897144]
[119.549828,313.294495]
[691.066406,360.249847]
[460.450806,91.639610]
[171.844009,329.958771]
[735.842163,120.889786]
[20.947973,294.838837]
[569.632629,100.615463]
[-1.000000,-1.000000]
[773.666260,366.764526]
[739.816162,340.855988]
[559.950073,149.196686]
[543.808594,306.167816]
[159.097687,321.943420]
[326.463409,244.000519]
[432.558868,124.854477]
[577.186523,87.127640]
[843.443726,391.768097]
[83.164665,204.606613]
[653.089661,342.000824]
[508.236694,217.677032]
[548.785828,333.146667]
[781.274353,113.071800]
[543.431580,215.573105]
[774.602417,350.735321]
[560.174194,149.334076]
[385.188812,132.430664]
[828.919006,402.118958]
[671.811523,150.219498]
[555.864624,55.373787]
[606.230591,118.859283]
[510.039307,61.029335]
[101.231651,348.803711]
[432.559601,124.829926]
[824.288818,299.072906]
[171.815918,329.945862]
[650.224609,385.937775]
[596.052429,74.023117]
[632.617188,72.498009]
[158.004578,351.628632]
[653.381409,326.312836]
[626.819275,345.344971]
[668.083740,330.950256]
[450.285217,198.583527]
[171.753372,330.046478]
