[217.125961,102.610535]
[428.313385,168.492126]
[360.796112,293.879730]
[239.403610,103.274391]
[233.041946,414.668640]
[265.683594,253.861404]
[285.093140,105.164856]
[456.072357,351.957123]
[342.997742,239.894394]
[265.649963,253.894043]
[256.381012,393.511627]
[354.241974,131.675293]
[308.972046,256.047546]
[233.753998,392.186951]
[441.880707,329.458191]
[259.414246,301.264862]
[203.551163,246.951157]
[239.093613,281.659943]
[406.555786,110.619209]
[441.427429,330.425995]
[306.660858,259.423218]
[326.634735,251.950287]
[408.508820,83.301407]
[326.263702,252.679550]
[303.748962,256.005005]
[445.716095,333.225403]
[456.060211,352.247894]
[172.871536,362.111603]
[472.158691,365.035645]
[234.960495,347.390137]
[293.815582,254.788269]
[202.828979,247.076523]
[234.393463,369.664093]
[293.794373,254.821976]
[396.991547,303.788635]
[214.926651,302.068787]
[332.159790,106.890915]
[464.859528,359.580322]
[387.594452,219.458603]
[353.444489,159.391479]
[308.354095,105.986145]
[326.631470,252.190353]
[387.601593,219.381989]
[176.080566,406.615601]
[482.249054,371.854370]
[368.699554,266.447083]
[252.607681,441.600464]
[326.537598,253.114120]
[202.829453,247.074219]
[399.683807,239.178070]
[326.560181,253.009659]
[479.582001,378.578125]
[479.899933,377.880341]
[456.088440,351.880493]
[213.576157,126.133347]
[398.536285,253.039856]
[448.323059,343.016785]
[176.006470,341.583557]
[306.678070,129.393188]
[303.625885,255.639847]
[303.627106,255.645782]
[260.357239,127.435478]
[472.090820,369.962616]
[441.201996,330.884735]
[167.619385,382.159821]
[326.554657,253.182434]
[465.071594,372.554474]
[214.403000,324.290405]
[326.628265,252.065445]
[265.677795,253.868088]
[482.298737,371.053650]
[233.037750,414.665314]
[463.583130,364.305237]
[416.619080,219.653778]
[343.997101,244.895416]
[473.172333,365.284668]
[480.488739,391.056183]
[306.498505,259.465271]
[212.536118,412.962097]
[345.997131,238.911011]
[466.042664,356.180359]
[234.754501,324.997009]
[213.012726,390.676819]
[379.354736,132.949631]
[293.778717,254.816925]
[402.151459,219.504242]
[383.854797,252.532166]
[482.198273,370.037750]
[376.710388,294.853577]
[487.184875,406.118408]
[293.793762,254.819382]
[473.074188,366.209534]
[480.466309,377.664764]
[262.472534,267.964661]
[370.883484,237.772049]
[181.452621,387.602631]
[449.360809,339.863373]
[326.627899,252.043518]
[473.033417,366.185669]
[303.624268,255.627991]
[283.265289,128.479980]
[485.279938,394.559875]
[189.436722,278.994537]
[439.146790,343.326569]
[326.542633,252.965210]
[203.553070,246.955643]
[402.131927,219.548965]
[485.847870,392.712463]
[298.471466,255.570023]
[454.763489,359.831238]
[257.494415,347.013367]
[431.267517,327.448669]
[265.678436,253.867905]
[413.134918,291.183258]
[466.057892,356.165497]
[382.961609,267.174683]
[326.523529,252.591217]
[396.989136,303.786743]
[461.355377,381.631683]
[194.040405,410.874298]
[385.393433,238.595978]
[256.793457,371.596161]
[330.425720,130.528229]
[259.321350,283.561340]
[303.626709,255.643951]
[303.625397,255.636826]
[165.373154,402.593628]
[213.471359,368.517090]
[176.009888,341.584808]
[179.224899,384.511780]
[430.672668,136.964294]
[414.467621,239.515625]
[214.233643,346.339539]
[416.616638,219.678391]
[180.175995,301.020020]
[242.180405,79.622559]
[405.384918,377.604462]
[194.441071,389.012634]
[391.415466,336.612183]
[307.461090,256.361023]
[472.825287,364.800873]
[466.005157,356.365204]
[187.299789,300.430756]
[180.382446,321.390625]
[333.756439,81.612549]
[267.712250,78.009911]
[373.284027,219.451797]
[233.255646,439.653687]
[478.487671,385.095245]
[194.707840,367.115784]
[427.282745,328.669403]
[203.542343,246.945419]
[195.295197,345.338348]
[87.586479,360.648773]
[456.152283,351.783325]
[439.223938,337.299377]
[259.321747,283.564819]
[487.117432,383.977539]
[466.009796,356.070831]
[203.506393,246.908646]
[326.525665,253.056808]
[449.839874,337.797546]
[464.464203,360.619232]
[342.903564,292.731903]
[394.098938,289.227631]
[487.761261,384.501038]
[293.813385,254.829773]
[293.815765,254.792923]
[287.556915,79.773544]
[431.631775,327.080780]
[184.484741,279.920502]
[186.036499,262.034424]
[487.189209,406.170959]
[381.251404,108.934303]
[326.695435,251.616699]
[427.908264,328.198090]
[176.409317,431.247040]
[194.707214,367.120789]
[390.299255,317.766022]
[215.665833,280.039215]
[326.695099,251.551498]
[237.334778,126.204704]
[360.781982,293.817444]
[326.612732,252.596420]
[259.321716,283.563263]
[487.353760,383.330292]
[188.588654,279.037445]
[161.248535,206.913330]
[214.231293,346.335510]
[413.168549,253.880539]
[165.374542,402.595306]
[373.321533,219.315048]
[355.942535,107.905991]
[234.392883,369.663025]
[326.630859,252.337021]
[235.740936,302.728668]
[265.649414,253.894669]
[293.756226,259.197144]
[472.481232,367.795959]
[369.578613,252.236389]
[167.627716,382.164307]
[190.836395,323.064728]
[456.319885,350.803436]
[239.089432,281.655853]
[397.513824,267.723694]
[91.713554,345.912689]
[189.435455,278.995270]
[180.067184,301.028656]
[261.914337,104.125626]
[161.245621,206.902664]
[446.508148,348.083191]
[399.875702,350.381683]
[479.498352,380.541840]
[88.314255,375.050385]
[417.128265,365.858337]
[434.577789,310.532318]
[411.139618,324.263214]
[405.287140,376.406067]
[430.631012,136.958496]
[337.994385,246.886917]
[446.951996,352.418732]
[265.648438,253.895721]
[413.169434,291.179932]
[441.510529,393.084595]
[481.322876,375.335999]
[416.488678,379.621307]
[265.649567,253.894562]
[239.081055,281.649048]
[184.484924,279.920654]
[441.781403,329.596771]
[389.896332,353.251923]
[293.791840,254.821808]
[274.788940,158.355148]
[487.482849,383.241425]
[405.098297,134.225113]
[298.557434,259.257141]
[407.062805,357.696564]
[326.517242,252.953964]
[449.858856,337.734039]
[462.439178,368.632538]
[485.345490,396.467316]
[420.420258,306.777100]
[233.962723,255.667114]
[172.865982,362.099457]
[257.782501,325.549927]
[91.845451,345.726257]
[482.051575,369.339691]
[310.631744,80.316635]
[372.294647,345.825287]
[265.639954,253.904602]
[493.883850,420.401917]
[466.013947,356.266846]
[341.996094,247.889786]
[454.719849,356.843964]
[233.964172,255.668610]
[413.771149,269.654114]
[431.346222,327.330658]
[406.717529,341.979309]
[196.191238,100.230682]
[211.320099,437.325867]
[406.020599,358.535492]
[423.396240,306.658722]
[457.529449,402.842590]
[162.384872,425.073761]
[397.401978,363.056610]
[433.698792,85.639084]
[293.823517,259.137451]
[448.258972,408.380157]
[293.800293,254.823807]
[417.101288,323.164948]
[370.648682,345.892059]
[487.348175,383.316620]
[380.413330,282.787354]
[342.999268,254.903061]
[424.089478,361.456848]
[373.389832,218.997543]
[180.792511,300.845093]
[265.684570,253.861053]
[389.381195,318.254761]
[396.480621,285.892395]
[235.740753,302.728577]
[379.363007,132.935303]
[436.603119,414.888275]
[233.837402,243.921753]
[293.792175,254.824783]
[88.753723,403.434784]
[381.252289,108.944336]
[413.171387,291.371582]
[456.034058,352.233276]
[252.608215,441.600677]
[437.306671,328.904999]
[429.253632,328.203003]
[372.935974,345.692780]
[404.313354,331.406311]
[448.235565,408.773682]
[440.975861,380.493042]
[432.486877,111.816933]
[452.068512,387.601990]
[491.543335,397.747559]
[255.282394,417.910370]
[378.168121,82.904572]
[421.596130,395.980988]
[233.963715,255.668243]
[357.994019,235.984650]
[470.242310,427.146545]
[427.101593,406.835693]
[482.200317,372.314331]
[412.958313,291.580017]
[367.933136,283.623108]
[298.542389,259.260986]
[233.990540,255.694778]
[88.580971,389.413696]
[303.765625,259.244690]
[418.069427,210.671600]
[196.191299,100.230446]
[193.960190,434.947571]
[358.510681,81.994347]
[89.637848,331.171814]
[72.752075,390.492340]
[387.997192,359.322296]
[176.007370,341.584106]
[180.358246,321.377319]
[467.417511,409.524017]
[457.345673,402.916321]
[280.977692,253.994064]
[311.999878,275.980469]
[184.484680,279.920868]
[202.824341,247.082153]
[172.871933,362.114075]
[73.638458,419.357208]
[451.450500,436.561676]
[220.033340,78.517197]
[404.964294,208.805801]
[421.238312,396.526367]
[433.882568,209.803772]
[105.087166,405.552551]
[105.835449,419.408447]
[89.646904,331.173615]
[434.578857,387.506195]
[436.672424,383.377441]
[180.356613,321.376343]
[390.292175,208.732010]
[265.681396,254.260223]
[397.042755,303.824829]
[392.690918,369.920502]
[236.540207,155.393280]
[407.815186,316.200378]
[255.375397,155.838745]
[397.954529,362.772522]
[378.159576,82.898125]
[203.545929,246.952240]
[236.548737,155.394714]
[421.624084,389.583435]
[397.040924,303.819946]
[105.205376,377.567139]
[417.544525,352.637421]
[102.048096,314.092224]
[424.830109,375.035065]
[220.041122,246.797592]
[89.414528,417.580750]
[487.356934,383.334991]
[434.226501,371.167572]
[354.999939,264.986755]
[90.488701,432.497345]
[390.294342,208.730820]
[397.050751,303.826477]
[233.960678,255.663513]
[403.746613,162.925064]
[436.569122,415.016876]
[373.028137,345.282135]
[184.484009,279.920990]
[448.256897,408.350830]
[215.150696,250.730408]
[467.494476,409.504364]
[421.243378,396.542877]
[454.969696,420.302856]
[73.026245,404.924347]
[449.846344,337.727051]
[325.563477,162.492264]
[218.120193,259.798035]
[388.288055,330.606750]
[426.756042,406.841064]
[356.990051,252.973236]
[222.984161,246.822632]
[449.547028,387.901031]
[105.836159,419.412598]
[454.221344,421.452362]
[389.612488,317.545044]
[378.286591,287.735657]
[319.845428,286.760773]
[202.342422,123.342911]
[376.816986,207.823868]
[396.825409,320.442963]
[418.073547,210.668610]
[71.797447,361.484192]
[467.325012,409.705688]
[202.338821,123.329918]
[405.914368,379.057312]
[453.776276,422.016754]
[356.793365,223.421936]
[430.231445,241.274857]
[57.313915,289.047455]
[21.670582,294.556610]
[343.363922,313.403412]
[63.071392,347.372589]
[449.117828,422.187927]
[337.989960,239.887619]
[467.395660,409.550323]
[69.405212,330.522034]
[389.451416,317.842010]
[60.044556,437.515778]
[233.959030,255.660553]
[381.281403,327.566895]
[447.762268,422.993134]
[326.581573,252.392166]
[433.882385,209.804092]
[59.995758,421.993286]
[376.818207,207.824295]
[16.549978,202.357971]
[390.236572,317.740326]
[406.612915,341.863678]
[196.324936,260.430328]
[319.834137,286.950287]
[378.143555,82.889977]
[58.650478,409.220581]
[346.471863,279.533508]
[108.800041,435.890717]
[176.008987,341.584198]
[169.903732,361.656006]
[390.258911,208.750519]
[413.174408,291.179443]
[269.223969,266.025757]
[265.677795,253.872162]
[466.186798,420.305176]
[236.545639,155.394409]
[305.746124,152.601089]
[433.454376,326.639343]
[72.344452,375.930481]
[404.946472,208.801224]
[441.493835,329.953003]
[433.879364,209.796555]
[399.807281,316.331879]
[397.062592,303.847443]
[142.812775,254.257538]
[385.502838,206.251343]
[390.294952,318.015259]
[499.234283,386.646332]
[259.414734,301.265167]
[376.147675,161.328522]
[356.793182,223.421982]
[397.020142,303.805481]
[315.430298,180.199738]
[21.670412,294.553833]
[58.480122,380.851837]
[105.580284,391.258667]
[433.699432,85.638016]
[220.106323,249.801422]
[401.617065,389.058105]
[543.907898,193.237335]
[339.001770,256.895721]
[443.340820,424.049438]
[165.372650,402.596313]
[400.115509,324.409027]
[57.466259,395.742371]
[360.331818,314.597748]
[326.574188,253.233109]
[433.879639,209.796951]
[380.286011,283.006989]
[291.762299,295.715149]
[57.993107,424.995087]
[58.647343,409.222290]
[397.010590,303.807159]
[257.484741,347.020905]
[428.313263,168.491318]
[418.815918,315.071899]
[103.811043,363.706726]
[397.115906,303.846130]
[412.967346,291.569183]
[326.537140,253.119400]
[140.375580,184.339600]
[279.973389,246.996307]
[57.315010,289.051544]
[140.997284,297.005157]
[110.652145,449.647156]
[5.753160,296.382050]
[349.986969,249.921860]
[407.992218,320.241058]
[357.568146,211.427124]
[379.995605,204.004639]
[448.231934,408.774902]
[397.102417,303.861084]
[57.790344,366.271698]
[109.194244,295.709137]
[176.408798,431.246887]
[247.415024,153.856232]
[257.782532,325.553314]
[73.282761,434.550598]
[75.868752,277.039520]
[238.877060,243.046738]
[202.823624,247.084747]
[236.546722,155.394623]
[421.631805,310.859131]
[108.013542,328.010132]
[22.129551,75.840652]
[378.158417,82.897652]
[396.149567,285.775269]
[343.002441,258.905182]
[107.991310,284.009369]
[433.704254,85.638901]
[397.052032,303.828918]
[423.146454,300.849426]
[147.823029,310.388885]
[5.753518,296.382080]
[430.146088,297.793396]
[143.982391,267.005798]
[187.990662,148.785645]
[87.716888,315.105957]
[428.316559,168.494278]
[57.993362,397.026520]
[338.639008,332.083984]
[63.072872,347.376007]
[131.988586,278.004761]
[108.989357,276.007660]
[233.994263,255.698639]
[342.907379,292.688110]
[225.870468,242.806808]
[306.996185,272.975067]
[114.991875,277.006897]
[210.815216,155.588013]
[390.245819,317.746033]
[441.468750,423.564941]
[259.321716,283.564209]
[434.251373,291.453278]
[233.994568,255.699097]
[371.412842,334.843567]
[120.994102,282.003113]
[365.071625,283.322052]
[396.982697,303.781952]
[347.051422,279.296631]
[397.052032,303.826874]
[433.845001,217.183685]
[432.485596,111.817810]
[325.575897,162.483383]
[407.941315,397.811615]
[342.906921,292.698425]
[319.998230,265.942749]
[319.040863,331.628632]
[347.052917,279.295624]
[249.108414,254.332352]
[274.511566,179.219299]
[213.542648,126.123474]
[500.142548,383.617310]
[257.341644,253.180557]
[351.947845,181.886414]
[510.822266,363.729248]
[392.654816,369.839233]
[433.022491,221.006165]
[145.996109,297.003174]
[57.292000,289.131836]
[154.736526,2.398190]
[114.990372,285.010437]
[175.716248,257.569397]
[169.459732,257.981567]
[124.987068,271.008118]
[316.189758,259.086914]
[482.066803,422.890411]
[431.723175,314.681030]
[257.782593,325.551605]
[342.907043,292.696381]
[261.435364,270.085754]
[427.066681,268.109863]
[101.978104,271.011383]
[541.226746,210.702667]
[430.206238,241.267181]
[405.806885,206.992416]
[170.229263,294.370697]
[184.484787,279.920349]
[426.082336,271.194244]
[358.510193,82.000961]
[148.993958,294.005188]
[510.804657,363.706696]
[319.100677,331.626221]
[608.896790,174.730148]
[485.871307,392.641083]
[597.023132,270.583557]
[188.008102,148.819778]
[133.988220,275.005402]
[347.053558,279.294800]
[543.878235,193.283447]
[229.854507,243.868134]
[265.683411,253.861694]
[439.114532,124.845367]
[325.560028,162.491150]
[357.568634,211.424957]
[127.990479,276.004944]
[608.905090,174.730209]
[430.613434,136.957947]
[325.566620,162.490814]
[416.988342,319.130859]
[378.384125,331.681427]
[315.413727,256.168152]
[445.515289,440.618103]
[392.588593,369.904846]
[413.247986,291.180298]
[226.674728,178.176346]
[543.915771,193.227097]
[92.984482,276.008179]
[96.987251,274.009613]
[138.572266,139.352402]
[255.380630,155.842575]
[125.997490,280.004608]
[261.446228,270.106628]
[424.795319,183.894760]
[417.009460,407.493134]
[465.997803,356.022675]
[43.008724,286.999817]
[466.026215,356.140778]
[376.148590,161.330429]
[53.999466,398.025482]
[297.123840,332.363892]
[377.924927,361.770355]
[66.500946,331.103302]
[109.193977,295.709869]
[350.993713,259.948120]
[65.889793,82.856422]
[160.079391,188.812439]
[147.771362,310.373718]
[69.079628,316.473572]
[379.996338,200.004608]
[430.653564,254.649689]
[394.031891,371.407928]
[236.545273,155.393936]
[5.745718,296.381622]
[114.988762,274.007568]
[456.100647,351.690002]
[376.148468,161.325623]
[340.002838,261.905304]
[188.009445,148.822708]
[58.519863,316.850281]
[338.642456,332.084167]
[370.672455,345.907410]
[210.699524,154.090836]
[487.301392,383.230652]
[333.442810,189.097198]
[376.147827,161.327225]
[298.742981,157.736954]
[430.655426,254.649338]
[202.843765,247.080200]
[362.528809,182.193268]
[168.132507,288.318054]
[297.090668,332.368713]
[417.782043,179.972000]
[430.662018,254.648758]
[428.319000,168.496399]
[106.978355,272.008667]
[320.856689,316.725281]
[79.771202,302.134552]
[267.730133,78.021408]
[137.984528,267.003845]
[493.876404,420.408844]
[58.519997,316.850006]
[57.290806,289.125793]
[217.985382,238.704453]
[118.980118,273.005707]
[98.988510,279.011292]
[540.982727,225.940964]
[217.125107,102.609062]
[264.207275,265.088928]
[597.029175,270.578613]
[346.470917,279.536224]
[542.412659,256.466858]
[601.056519,56.980152]
[421.808075,182.925140]
[137.991241,274.004639]
[346.473358,279.538269]
[346.469604,279.534271]
[88.992149,273.008545]
[58.522095,316.847595]
[502.031158,316.036896]
[147.773224,310.374268]
[353.497986,159.517685]
[413.776764,269.655518]
[180.359772,321.378174]
[353.444427,159.391251]
[313.998779,271.974457]
[488.718353,319.602539]
[196.488434,110.725105]
[560.533020,258.468079]
[112.978630,269.008850]
[109.050362,436.214661]
[524.993164,361.998077]
[413.135376,291.183289]
[22.131985,75.838158]
[215.207306,167.649704]
[21.670647,294.553101]
[205.496506,111.632004]
[349.993134,264.958710]
[436.190125,274.547852]
[510.824707,363.718689]
[165.001999,192.011765]
[620.595459,108.313873]
[225.185165,150.237518]
[210.587402,154.926712]
[325.563446,162.492264]
[407.662689,346.993683]
[597.031677,270.582794]
[221.924072,237.768707]
[57.317688,289.083099]
[429.020111,229.004868]
[57.290874,289.127197]
[16.547386,202.359283]
[353.511292,159.527969]
[319.849365,286.761932]
[559.725525,345.273071]
[215.889923,167.904572]
[279.977142,262.988831]
[193.251785,260.326080]
[397.373749,177.997574]
[319.848846,286.764496]
[357.568115,211.427475]
[202.843338,247.080002]
[52.991081,426.984528]
[338.004761,266.921326]
[147.823669,310.389099]
[188.003906,148.807388]
[346.994812,263.939819]
[560.673828,195.453217]
[413.776367,269.655029]
[79.771217,302.134521]
[236.537674,155.393463]
[421.728912,292.852203]
[540.989258,225.947235]
[392.423309,384.263184]
[358.510590,82.000267]
[433.702820,85.638527]
[587.732605,85.370132]
[397.364746,178.030365]
[425.872009,178.919678]
[428.315186,168.493118]
[373.693604,175.319244]
[215.889404,167.904495]
[277.000153,264.977325]
[263.444489,167.430710]
[372.139435,345.881622]
[180.364029,321.380615]
[430.010498,221.006927]
[307.732269,170.479324]
[454.660645,422.103821]
[424.086761,268.077881]
[274.787659,158.354858]
[124.990921,266.004272]
[180.922958,256.808075]
[521.988647,392.118927]
[256.420288,176.492722]
[292.044006,284.162811]
[375.273621,326.528625]
[353.583435,172.467194]
[373.706757,175.312347]
[115.998306,290.011810]
[560.533630,258.475708]
[57.293865,289.137695]
[299.671814,178.539383]
[56.031109,329.000916]
[319.846771,286.758545]
[597.033997,270.577698]
[432.488007,111.824112]
[152.981720,276.009705]
[98.992950,299.013580]
[397.367340,178.022217]
[428.315979,168.494431]
[146.986099,277.007263]
[487.185577,406.105164]
[281.979156,266.984009]
[405.101105,134.225998]
[373.696838,175.317932]
[493.878723,420.389862]
[15.999970,317.000031]
[274.843384,332.367767]
[328.004181,285.996521]
[371.350342,320.345276]
[304.766754,156.620789]
[140.375641,184.339355]
[415.847931,167.114853]
[196.024445,70.204895]
[349.000397,233.928528]
[242.179626,79.622414]
[255.367279,155.831024]
[540.943481,225.941284]
[210.702133,154.072906]
[126.968155,257.001404]
[196.015030,70.153244]
[146.988571,282.004883]
[343.363983,313.403442]
[210.591888,154.832474]
[140.360992,184.344437]
[403.708496,162.989365]
[421.258179,81.106201]
[424.947968,416.219543]
[428.899658,155.957275]
[267.728241,78.020279]
[416.850861,163.114990]
[140.373291,184.336609]
[276.616089,277.011749]
[493.885529,420.400574]
[255.968689,75.472610]
[428.315430,168.494141]
[151.977036,280.008698]
[365.042603,200.077744]
[337.728302,157.929047]
[426.788605,406.890564]
[106.987907,279.008759]
[491.983063,301.996857]
[101.988403,275.011597]
[119.980133,269.005219]
[220.033920,78.533051]
[325.575653,162.483612]
[22.130621,75.843079]
[442.262756,423.710358]
[343.363983,313.403412]
[168.260483,280.246124]
[538.361572,273.949127]
[319.846283,286.763885]
[325.561188,162.494125]
[438.392578,433.743042]
[236.535950,155.393433]
[168.348602,274.245819]
[69.012939,296.005371]
[267.000061,77.899742]
[102.992981,281.008850]
[601.527527,74.197563]
[370.621094,345.857178]
[142.990356,274.007355]
[421.728363,292.849091]
[350.997528,229.947159]
[332.589752,172.980576]
[142.149750,80.402908]
[540.487000,345.799255]
[311.811646,158.466888]
[436.188385,271.949677]
[414.721588,312.058350]
[413.310303,291.167542]
[236.536652,155.393478]
[301.738922,153.682526]
[162.187546,214.915253]
[142.992065,293.004242]
[60.044788,437.516449]
[427.995605,280.102600]
[236.535126,155.393356]
[302.985962,291.987579]
[413.774628,269.651550]
[430.552490,245.914520]
[9.986589,220.015808]
[214.730911,465.108124]
[196.189560,100.245827]
[255.377213,155.840759]
[120.001839,290.011078]
[347.996094,257.926453]
[422.870239,178.943390]
[255.381393,155.843216]
[433.883392,209.805878]
[56.006283,384.025940]
[92.984230,280.008301]
[308.788910,156.517944]
[8.485673,251.358109]
[356.791992,223.420792]
[210.699585,154.087051]
[403.711792,162.981400]
[214.706360,465.091919]
[177.690536,263.013306]
[487.189117,406.168274]
[343.364014,313.403534]
[436.154388,277.398376]
[1.985523,238.034500]
[378.159119,82.897896]
[153.983490,271.010468]
[132.989975,283.004822]
[408.504974,83.311691]
[274.785034,158.354630]
[209.818253,71.346344]
[7.499870,104.548401]
[353.995941,228.971497]
[435.418121,305.590607]
[132.003998,302.009766]
[152.000519,298.003571]
[429.714386,151.899643]
[1.974021,234.021698]
[356.792938,223.421951]
[313.646973,155.442276]
[235.584244,224.820312]
[14.006309,309.005920]
[432.414215,303.696594]
[203.548645,246.952057]
[57.291134,289.128143]
[412.103363,279.074860]
[448.840515,320.250031]
[21.670547,294.556335]
[196.191193,100.230873]
[130.975677,150.467010]
[342.904755,292.722961]
[488.724579,319.604828]
[353.500732,159.523163]
[15.010539,313.011139]
[196.137222,70.437630]
[510.802856,363.708344]
[538.360962,273.949432]
[448.303833,393.018982]
[47.009308,295.995667]
[269.472229,156.319061]
[305.934723,165.528473]
[316.814178,382.887939]
[541.222778,210.706238]
[65.893913,82.858261]
[560.533569,258.477173]
[487.015656,331.997345]
[403.743378,162.929291]
[60.053497,437.507385]
[140.892609,126.292564]
[58.517757,316.852783]
[319.997406,302.997345]
[285.650635,169.007126]
[273.068939,76.267502]
[171.548431,280.377747]
[405.602356,148.390060]
[292.041138,284.163635]
[262.344666,185.356506]
[253.891708,71.540222]
[47.011425,286.997467]
[428.318756,168.496384]
[408.507111,83.304482]
[602.660278,156.236771]
[155.982300,275.006775]
[75.674736,277.211823]
[274.664337,158.341095]
[355.366882,414.470459]
[223.552185,168.166977]
[4.418631,174.014801]
[287.556671,79.773300]
[414.650818,234.386734]
[427.588226,309.739044]
[277.583954,179.153870]
[506.978088,313.066010]
[215.868469,167.900391]
[256.466064,173.546768]
[2.972235,221.019760]
[433.695465,85.635406]
[220.033752,78.533936]
[248.884842,288.057922]
[358.992065,230.997330]
[616.945740,38.582279]
[292.041382,284.163422]
[421.728821,292.852509]
[430.631073,136.959137]
[147.981461,271.009796]
[376.145844,161.328308]
[296.592072,154.791122]
[280.663605,178.080856]
[378.161591,82.899200]
[274.446899,413.895111]
[45.007465,290.000458]
[523.649780,158.386475]
[488.967987,303.008026]
[256.448181,431.315491]
[5.318976,172.694412]
[361.018829,201.084747]
[215.881699,167.904526]
[99.991112,282.011963]
[379.356110,132.945938]
[310.967804,165.436646]
[280.622314,222.700363]
[242.910904,225.293732]
[215.205246,167.663574]
[184.484695,279.920319]
[184.796188,469.389557]
[587.559692,63.602043]
[292.041199,284.163635]
[585.117493,-0.976880]
[520.778442,346.576294]
[403.739227,162.935104]
[601.529724,74.196182]
[130.985687,269.003357]
[202.822220,247.084702]
[343.365051,313.402191]
[608.902466,174.730453]
[488.729553,319.608246]
[7.992378,217.016632]
[102.041451,314.091675]
[325.561279,162.492386]
[55.036907,75.996300]
[408.506042,83.313942]
[138.575424,139.297470]
[293.756866,259.196777]
[246.643250,168.837662]
[372.147949,345.881012]
[219.916046,231.766739]
[370.757935,148.229767]
[403.738068,162.936569]
[532.897888,461.679230]
[449.819550,298.573700]
[316.814362,382.887390]
[358.510834,82.000351]
