[216.758408,98.220078]
[426.380798,168.512680]
[360.792542,293.878540]
[238.983856,99.299400]
[232.906891,409.603027]
[265.596313,253.814285]
[284.536987,102.077919]
[448.496918,353.118622]
[343.000000,240.000000]
[265.562622,253.846405]
[255.517883,388.376251]
[352.938416,130.104935]
[308.977692,256.095490]
[233.231369,387.096344]
[434.827728,330.160858]
[257.492401,297.446198]
[201.559418,242.385605]
[237.300079,276.647522]
[405.712708,110.279373]
[434.353821,331.099487]
[306.668396,259.461700]
[326.636353,252.050964]
[408.255096,83.004585]
[326.267120,252.753967]
[303.754883,256.048492]
[438.608398,334.022156]
[448.479828,353.399506]
[173.726166,357.770721]
[464.329803,366.717377]
[234.194641,342.360901]
[293.826447,254.812592]
[200.834290,242.483063]
[233.657913,364.630219]
[293.804779,254.847458]
[396.736359,303.555664]
[213.644943,297.356567]
[331.466949,104.938995]
[457.176117,361.033386]
[387.591461,219.454651]
[351.589783,157.842712]
[307.693634,103.480957]
[326.634918,252.268570]
[387.598969,219.377853]
[177.417542,402.124207]
[474.360596,373.904755]
[368.703278,266.443848]
[252.233078,436.359009]
[326.540344,253.196259]
[200.834778,242.481277]
[399.681122,239.177063]
[326.564575,253.101685]
[471.485168,380.536560]
[471.813690,379.844116]
[448.512573,353.042145]
[212.800354,121.566162]
[398.542603,253.044067]
[440.932709,343.884369]
[176.545273,337.443573]
[305.506439,126.846779]
[303.635590,255.676743]
[303.636841,255.682663]
[259.363983,123.783775]
[464.163422,371.660461]
[434.107544,331.544403]
[168.732880,377.708374]
[326.557495,253.259247]
[457.000000,374.000000]
[213.429443,319.479187]
[326.631317,252.153748]
[265.590485,253.820877]
[474.429260,373.099548]
[232.902893,409.599854]
[455.715851,365.700745]
[416.616119,219.651428]
[344.000000,245.000000]
[465.349670,367.000366]
[472.000000,393.000000]
[306.497162,259.499817]
[212.638580,408.037628]
[346.000000,239.000000]
[458.402985,357.638519]
[233.714355,320.004517]
[212.794968,385.789734]
[377.873474,131.984833]
[293.788971,254.842255]
[402.149109,219.501877]
[383.853760,252.537277]
[474.355896,372.080383]
[376.645660,294.760284]
[478.338715,408.242340]
[293.804138,254.844772]
[465.244751,367.936462]
[472.392395,379.651550]
[262.007568,267.918701]
[370.887573,237.766113]
[182.000000,383.000000]
[442.083740,340.775696]
[326.630829,252.133881]
[465.209381,367.910889]
[303.634155,255.665009]
[282.147217,125.400795]
[476.743011,396.639679]
[188.672638,274.543823]
[431.684204,343.904449]
[326.546356,253.059860]
[201.561554,242.389175]
[402.129181,219.546722]
[477.388824,394.815125]
[298.473938,255.602966]
[446.986481,360.943115]
[256.142700,341.836182]
[424.204498,327.758545]
[265.591187,253.820740]
[412.834656,290.861938]
[458.415802,357.624115]
[382.961975,267.176239]
[326.528107,252.662628]
[396.734619,303.553864]
[453.000000,383.000000]
[194.640671,406.100128]
[385.400177,238.597641]
[255.800171,366.386139]
[329.036835,128.477753]
[257.409271,282.690277]
[303.636414,255.680939]
[303.635162,255.673767]
[166.751526,398.128784]
[212.976608,363.653473]
[176.547729,337.444427]
[180.000000,380.000000]
[429.386078,137.039780]
[414.444275,239.509781]
[213.569946,341.535461]
[416.613556,219.675720]
[180.053436,296.903717]
[242.182510,75.666000]
[397.033905,377.511749]
[194.698944,384.328094]
[384.000000,336.000000]
[307.467712,256.397308]
[465.040314,366.523468]
[458.367432,357.825928]
[186.909775,296.059845]
[180.317291,317.375946]
[333.475342,79.627609]
[267.697479,74.695847]
[373.286072,219.441086]
[233.285187,434.488037]
[470.174652,387.019928]
[194.744797,362.464478]
[420.159271,328.869324]
[201.550201,242.381104]
[194.995270,340.748871]
[87.589966,360.651733]
[448.572296,352.943298]
[431.913239,337.871368]
[257.409546,282.692993]
[478.866150,386.165710]
[458.381134,357.538239]
[201.512192,242.351089]
[326.528320,253.143906]
[442.623688,338.734436]
[456.712555,362.057220]
[342.890442,292.731934]
[394.000000,289.000000]
[479.530273,386.690552]
[293.823853,254.855637]
[293.826508,254.817413]
[287.482208,76.714447]
[424.583038,327.411896]
[183.708313,275.709229]
[185.000000,258.000000]
[478.342224,408.293610]
[380.511444,108.007729]
[326.698425,251.695877]
[420.790649,328.403290]
[177.639542,426.367615]
[194.744324,362.468964]
[383.671722,317.261444]
[213.842606,275.328644]
[326.698364,251.627808]
[236.367432,122.102684]
[360.780731,293.822937]
[326.617767,252.668213]
[257.409607,282.691772]
[479.155731,385.520325]
[187.836151,274.600708]
[161.234848,206.876862]
[213.567703,341.531555]
[413.110077,253.856155]
[166.752945,398.130676]
[373.324188,219.303864]
[355.218750,106.475510]
[233.657333,364.629120]
[326.636353,252.408783]
[234.381012,297.726898]
[265.562073,253.846939]
[293.768677,259.219910]
[464.600616,369.534851]
[369.583649,252.234039]
[168.739258,377.715607]
[190.551559,318.586365]
[448.759521,351.965393]
[237.296371,276.643463]
[397.516205,267.725677]
[91.708176,345.911743]
[188.671387,274.544464]
[179.960419,296.910858]
[261.481293,100.552467]
[161.232101,206.866409]
[438.980316,348.911407]
[392.117615,349.935516]
[471.349609,382.499817]
[88.313667,375.044800]
[409.016449,365.978790]
[428.000000,311.000000]
[404.000000,324.000000]
[396.941833,376.293152]
[429.344940,137.033478]
[338.000000,247.000000]
[439.321442,353.276733]
[265.561127,253.847931]
[412.859344,290.859131]
[432.809265,393.996185]
[473.298248,377.349640]
[408.090271,379.800262]
[265.562195,253.846817]
[237.289017,276.636963]
[183.708572,275.709351]
[434.726471,330.300659]
[382.104675,352.574219]
[293.802155,254.847260]
[273.410980,155.171783]
[479.299286,385.438599]
[403.756805,133.809601]
[298.559937,259.289124]
[399.130219,357.506683]
[326.521271,253.048676]
[442.642670,338.671051]
[454.466736,370.007233]
[476.764526,398.558838]
[414.000000,307.000000]
[232.040787,250.708389]
[173.720673,357.759003]
[256.401459,320.675232]
[91.839996,345.726044]
[474.235168,371.385925]
[310.391113,77.900223]
[364.650421,344.904083]
[265.552734,253.856705]
[484.811218,422.647400]
[458.377106,357.723755]
[342.000000,248.000000]
[447.002045,357.941132]
[232.042236,250.709946]
[413.690491,269.606262]
[424.287872,327.640839]
[399.180450,341.667206]
[195.809128,95.503418]
[211.653595,432.313843]
[398.075500,358.331909]
[417.000000,307.000000]
[448.654572,404.285461]
[164.421326,420.485046]
[389.372437,362.667725]
[433.503937,85.682610]
[293.836945,259.165283]
[439.225891,409.571930]
[293.810730,254.849350]
[410.000000,323.000000]
[363.042358,344.960846]
[479.150452,385.506714]
[380.421600,282.786438]
[343.000000,255.000000]
[416.064880,361.717957]
[373.393951,218.986603]
[180.507828,296.814880]
[265.597198,253.813858]
[382.678772,317.715881]
[396.343872,285.750092]
[234.380783,297.726776]
[377.883850,131.970779]
[427.480103,415.880585]
[232.000000,239.000000]
[293.802490,254.850311]
[88.760635,403.433289]
[380.512024,108.018188]
[412.864105,291.080505]
[448.458282,353.384613]
[252.233643,436.359314]
[430.238342,329.457306]
[422.148041,328.450623]
[365.325043,344.767242]
[397.000000,331.000000]
[439.200623,410.001648]
[432.545349,381.328094]
[431.680298,111.857803]
[443.535736,388.758636]
[483.000000,400.000000]
[254.710754,412.622070]
[377.867218,81.925011]
[412.830078,396.446259]
[232.041733,250.709473]
[358.000000,236.000000]
[461.000000,429.000000]
[418.254089,407.555084]
[474.296631,374.357574]
[412.681732,291.299286]
[367.929138,283.630585]
[298.545105,259.292847]
[232.068375,250.736130]
[88.578827,389.405975]
[303.771790,259.275940]
[418.074829,210.668549]
[195.809204,95.503265]
[194.777390,430.043457]
[358.252533,80.687065]
[89.637535,331.166748]
[72.746437,390.485870]
[380.089935,358.662201]
[176.545883,337.443909]
[180.297684,317.362122]
[458.431000,411.238892]
[448.467133,404.349182]
[281.000000,254.000000]
[312.000000,276.000000]
[183.708313,275.709503]
[200.829803,242.487579]
[173.726639,357.773102]
[73.645950,419.357788]
[442.000000,438.000000]
[220.081284,74.365120]
[404.953857,208.802780]
[412.462006,396.987244]
[433.866455,209.804062]
[105.083656,405.554932]
[105.824059,419.401978]
[89.646690,331.168610]
[425.972870,388.228210]
[428.189453,384.099731]
[180.296310,317.361084]
[390.292969,208.729752]
[265.589447,254.224487]
[396.775360,303.589966]
[384.597290,369.502625]
[235.221466,151.308731]
[401.000000,316.000000]
[253.776138,152.170471]
[389.931122,362.429779]
[377.858490,81.918182]
[201.554123,242.386520]
[235.231277,151.310516]
[412.975220,389.990265]
[396.773804,303.585449]
[105.196053,377.551422]
[409.747253,352.686035]
[102.056313,314.081848]
[416.511627,375.396667]
[218.000000,242.000000]
[89.411095,417.578278]
[479.158997,385.525055]
[426.017914,371.727722]
[355.000000,265.000000]
[90.468758,432.498260]
[390.295197,208.728470]
[396.781647,303.591614]
[232.038666,250.704727]
[401.911499,162.557129]
[427.446106,416.007477]
[365.411987,344.356781]
[183.707535,275.709656]
[439.224762,409.542572]
[213.000000,246.000000]
[458.508698,411.219849]
[412.467651,397.008057]
[445.712555,421.738312]
[73.022720,404.915497]
[442.631287,338.663910]
[323.793060,160.296829]
[216.000000,255.000000]
[381.000000,330.000000]
[417.913116,407.552765]
[357.000000,253.000000]
[221.000000,242.000000]
[441.000000,389.000000]
[105.824730,419.406158]
[444.942169,422.891602]
[383.011200,317.025543]
[378.285004,287.722015]
[319.828400,286.765198]
[201.648788,118.568848]
[376.814178,207.815842]
[390.000000,320.000000]
[418.078979,210.665573]
[71.789932,361.484741]
[458.334045,411.420593]
[201.645584,118.556221]
[397.543243,378.989563]
[444.505554,423.472626]
[356.797729,223.421921]
[430.177155,241.264893]
[57.302483,289.043304]
[21.664211,294.551422]
[343.353546,313.402527]
[63.048946,347.374298]
[439.795959,423.515656]
[338.000000,240.000000]
[458.408752,411.266083]
[69.387947,330.518158]
[382.805359,317.341156]
[60.060116,437.528961]
[232.036911,250.701767]
[374.000000,327.000000]
[438.451385,424.314117]
[326.586731,252.462463]
[433.866272,209.804398]
[60.000000,422.000000]
[376.815338,207.816162]
[16.532669,202.355713]
[383.612213,317.235107]
[399.073730,341.563873]
[195.000000,256.000000]
[319.818451,286.957703]
[377.842682,81.909370]
[58.651600,409.216675]
[346.463257,279.527557]
[108.791695,435.876678]
[176.547104,337.443878]
[170.750534,357.376862]
[390.259674,208.748108]
[412.863525,290.858673]
[269.000000,266.000000]
[265.590485,253.824951]
[457.000000,422.000000]
[235.227707,151.310028]
[304.000000,150.000000]
[426.446625,327.076935]
[72.338089,375.929260]
[404.936279,208.798233]
[434.429749,330.624207]
[433.863403,209.796738]
[393.000000,316.000000]
[396.791840,303.611084]
[142.833405,254.258987]
[385.503387,206.245087]
[383.632904,317.490051]
[491.000000,389.000000]
[257.492828,297.446472]
[374.220734,160.267471]
[356.797546,223.421967]
[396.757568,303.571808]
[314.000000,178.000000]
[21.663784,294.548492]
[58.471729,380.831726]
[105.574455,391.256165]
[433.504456,85.681488]
[218.000000,245.000000]
[393.000000,389.000000]
[543.903442,193.253464]
[339.000000,257.000000]
[434.036621,425.266571]
[166.750931,398.131927]
[393.000000,324.000000]
[57.467823,395.718140]
[360.261353,314.560059]
[326.577148,253.306732]
[433.863647,209.797150]
[380.293335,283.000977]
[291.792725,295.721954]
[58.000000,425.000000]
[58.648430,409.218353]
[396.750549,303.573181]
[256.131592,341.843048]
[426.380707,168.511871]
[412.000000,315.000000]
[103.810867,363.689301]
[396.838287,303.610718]
[412.690430,291.288422]
[326.539948,253.201065]
[140.386444,184.337753]
[280.000000,247.000000]
[57.303364,289.047424]
[141.000000,297.000000]
[110.657051,449.648895]
[5.746990,296.377991]
[350.000000,250.000000]
[401.000000,320.000000]
[357.560699,211.424301]
[380.000000,204.000000]
[439.196960,410.002899]
[396.827026,303.624359]
[57.772335,366.262421]
[109.196579,295.696472]
[177.639008,426.367493]
[246.000000,150.000000]
[256.401459,320.678619]
[73.297256,434.557861]
[75.872246,277.033020]
[237.000000,238.000000]
[200.829102,242.489532]
[235.228928,151.310211]
[415.000000,311.000000]
[108.000000,328.000000]
[22.113855,75.833084]
[377.857422,81.917595]
[396.009583,285.640747]
[343.000000,259.000000]
[108.000000,284.000000]
[433.509064,85.682343]
[396.782776,303.593872]
[417.000000,301.000000]
[147.819046,310.394440]
[5.747357,296.378174]
[424.000000,298.000000]
[144.000000,267.000000]
[186.688263,143.706375]
[87.735123,315.098938]
[426.383911,168.514816]
[58.000000,397.000000]
[338.629761,332.056488]
[63.050472,347.377502]
[132.000000,278.000000]
[109.000000,276.000000]
[232.071945,250.739990]
[342.894196,292.688446]
[224.000000,238.000000]
[307.000000,273.000000]
[115.000000,277.000000]
[210.000000,151.000000]
[383.620758,317.241028]
[432.187500,424.715912]
[257.409637,282.692535]
[434.000000,291.000000]
[232.072235,250.740433]
[364.000000,334.000000]
[121.000000,282.000000]
[365.064270,283.327271]
[396.730164,303.549225]
[347.042419,279.290649]
[396.782654,303.591949]
[433.827606,217.180511]
[431.679016,111.858696]
[323.808228,160.287689]
[399.000000,398.000000]
[342.893799,292.698883]
[320.000000,266.000000]
[319.020142,331.606964]
[347.043854,279.289520]
[247.000000,249.000000]
[273.000000,176.000000]
[212.763306,121.557167]
[492.000000,386.000000]
[252.000000,249.000000]
[350.425385,180.534058]
[510.822479,363.714111]
[384.565613,369.430237]
[433.000000,221.000000]
[146.000000,297.000000]
[57.280415,289.128632]
[154.741623,2.404694]
[115.000000,285.000000]
[175.000000,254.000000]
[168.760086,255.315338]
[125.000000,271.000000]
[316.192963,259.139221]
[473.000000,425.000000]
[425.000000,315.000000]
[256.401550,320.676819]
[342.893921,292.696747]
[260.543976,269.770935]
[427.000000,268.000000]
[102.000000,271.000000]
[541.234558,210.727325]
[430.152069,241.257401]
[405.796509,206.990799]
[170.000000,294.000000]
[183.708359,275.709137]
[426.000000,271.000000]
[358.252075,80.692200]
[149.000000,294.000000]
[510.806396,363.695129]
[319.080444,331.604279]
[608.796387,174.689590]
[477.412201,394.743774]
[596.942139,270.578918]
[186.701965,143.739792]
[134.000000,275.000000]
[347.044464,279.288849]
[543.873474,193.299301]
[228.000000,239.000000]
[265.596069,253.814529]
[438.000000,125.000000]
[323.789124,160.295532]
[357.561157,211.422134]
[128.000000,276.000000]
[608.804138,174.689682]
[429.326843,137.032654]
[323.797058,160.295471]
[410.000000,319.000000]
[371.000000,331.000000]
[315.420380,256.221283]
[436.000000,442.000000]
[384.496552,369.487579]
[412.927063,290.851044]
[226.000000,174.000000]
[543.911438,193.243484]
[93.000000,276.000000]
[97.000000,274.000000]
[138.626358,132.909180]
[253.781738,152.174393]
[126.000000,280.000000]
[260.550323,269.788269]
[423.000000,184.000000]
[408.000000,408.000000]
[458.373871,357.496094]
[43.000000,287.000000]
[458.391235,357.601562]
[374.221588,160.269363]
[54.000000,398.000000]
[297.127533,332.361664]
[370.000000,361.000000]
[66.484734,331.099274]
[109.196373,295.697266]
[351.000000,260.000000]
[65.841835,82.858368]
[160.073227,188.804199]
[147.765976,310.378662]
[69.068787,316.468140]
[380.000000,200.000000]
[430.257233,254.551117]
[385.895233,371.021423]
[235.227295,151.309616]
[5.739439,296.377533]
[115.000000,274.000000]
[448.529083,352.843872]
[374.221527,160.264542]
[340.000000,262.000000]
[186.703018,143.742615]
[58.508259,316.848297]
[338.633209,332.056671]
[363.068756,344.976624]
[209.846130,149.444962]
[479.103851,385.419769]
[331.975403,187.413742]
[374.220886,160.266205]
[297.000000,155.000000]
[430.259064,254.550812]
[200.849426,242.485916]
[361.000000,181.000000]
[168.000000,288.000000]
[297.093903,332.366425]
[416.000000,180.000000]
[430.265442,254.550140]
[426.386414,168.517044]
[107.000000,272.000000]
[320.889465,316.711792]
[79.769753,302.130402]
[267.713715,74.704880]
[138.000000,267.000000]
[484.804016,422.654266]
[58.508457,316.848053]
[57.279003,289.122528]
[216.000000,234.000000]
[119.000000,273.000000]
[99.000000,279.000000]
[540.999817,225.958008]
[216.757782,98.218460]
[264.000000,265.000000]
[596.948059,270.573944]
[346.462494,279.530273]
[542.414001,256.478210]
[601.000000,57.000000]
[420.000000,183.000000]
[138.000000,274.000000]
[346.464722,279.532318]
[346.461029,279.528259]
[89.000000,273.000000]
[58.510571,316.845642]
[502.000000,316.000000]
[147.767853,310.379242]
[351.640442,158.000458]
[413.695984,269.607727]
[180.298904,317.363037]
[351.589691,157.842499]
[314.000000,272.000000]
[488.698608,319.582275]
[196.000000,106.000000]
[560.530762,258.484833]
[113.000000,269.000000]
[109.040054,436.201416]
[525.000000,362.000000]
[412.835083,290.861908]
[22.116528,75.830688]
[214.993942,163.410156]
[21.664150,294.547852]
[205.000000,107.000000]
[350.000000,265.000000]
[436.000000,274.000000]
[510.825195,363.704926]
[165.000000,192.000000]
[620.489258,108.312569]
[224.000000,146.000000]
[209.743561,150.343781]
[323.793060,160.296844]
[400.002319,346.726227]
[596.950623,270.578033]
[220.000000,233.000000]
[57.306160,289.079346]
[429.000000,229.000000]
[57.279266,289.123932]
[16.529934,202.356934]
[351.653870,158.014542]
[319.832336,286.766388]
[559.718628,345.250549]
[215.651566,163.644867]
[280.000000,263.000000]
[192.000000,256.000000]
[395.571106,177.569031]
[319.831848,286.768921]
[357.560638,211.424667]
[200.848984,242.485748]
[53.000000,427.000000]
[338.000000,267.000000]
[147.819595,310.394592]
[186.698868,143.727692]
[347.000000,264.000000]
[560.701660,195.461624]
[413.695526,269.607239]
[79.769783,302.130463]
[235.218628,151.308884]
[421.507141,292.651886]
[541.006470,225.964584]
[384.000000,384.000000]
[358.252594,80.691658]
[433.507782,85.682091]
[587.717896,85.386505]
[395.566254,177.593430]
[424.000000,179.000000]
[426.382629,168.513702]
[372.175018,174.364868]
[215.651184,163.644867]
[277.000000,265.000000]
[262.000000,164.000000]
[364.502228,344.961548]
[180.302399,317.365631]
[430.000000,221.000000]
[306.000000,168.000000]
[445.388519,423.555206]
[424.000000,268.000000]
[273.409760,155.171509]
[125.000000,266.000000]
[180.000000,253.000000]
[522.014954,392.108521]
[255.000000,173.000000]
[292.062317,284.168427]
[368.000000,326.000000]
[352.000000,171.000000]
[372.188690,174.358475]
[116.000000,290.000000]
[560.531311,258.492188]
[57.282150,289.134552]
[298.000000,176.000000]
[56.000000,329.000000]
[319.829773,286.762970]
[596.952820,270.572937]
[431.681335,111.865364]
[153.000000,276.000000]
[99.000000,299.000000]
[395.568115,177.587326]
[426.383423,168.515015]
[147.000000,277.000000]
[478.339447,408.229462]
[282.000000,267.000000]
[403.759369,133.810577]
[372.178406,174.363617]
[484.806183,422.635223]
[16.000000,317.000000]
[273.463593,332.272552]
[328.000000,286.000000]
[371.000000,320.000000]
[303.000000,154.000000]
[140.386658,184.337646]
[414.000000,167.000000]
[196.379456,65.736954]
[349.000000,234.000000]
[242.181717,75.665802]
[253.767578,152.162521]
[540.960571,225.959198]
[209.848083,149.431488]
[127.000000,257.000000]
[196.372940,65.688736]
[147.000000,282.000000]
[343.353699,313.402618]
[209.741913,150.260239]
[140.371964,184.342773]
[401.865112,162.605499]
[421.000000,81.000000]
[416.000000,417.000000]
[427.000000,156.000000]
[267.712036,74.703987]
[415.000000,163.000000]
[140.384338,184.335022]
[275.000000,277.000000]
[484.812927,422.646088]
[256.000000,72.000000]
[426.382751,168.514725]
[152.000000,280.000000]
[365.000000,200.000000]
[336.000000,156.000000]
[417.943695,407.596954]
[107.000000,279.000000]
[492.000000,302.000000]
[102.000000,275.000000]
[120.000000,269.000000]
[220.081406,74.381401]
[323.807983,160.287979]
[22.115021,75.835503]
[432.969421,424.895447]
[343.353607,313.402557]
[168.000000,280.000000]
[538.380859,273.960022]
[319.829254,286.768311]
[323.790283,160.298721]
[429.000000,435.000000]
[235.216629,151.308929]
[168.000000,274.000000]
[69.000000,296.000000]
[266.970398,74.597969]
[103.000000,281.000000]
[601.464600,74.242462]
[363.008759,344.922272]
[143.000000,274.000000]
[421.506744,292.649139]
[351.000000,230.000000]
[331.000000,171.000000]
[142.124741,80.435989]
[540.517822,345.784485]
[310.000000,156.000000]
[436.000000,271.000000]
[408.000000,312.000000]
[412.988434,290.839722]
[235.217392,151.308823]
[300.000000,151.000000]
[162.172852,214.872726]
[143.000000,293.000000]
[60.060226,437.529602]
[428.000000,280.000000]
[235.215668,151.308731]
[303.000000,292.000000]
[413.693878,269.603851]
[430.462769,245.895203]
[10.000000,220.000000]
[214.720673,465.127014]
[195.807068,95.517365]
[253.778137,152.172562]
[120.000000,290.000000]
[348.000000,258.000000]
[421.000000,179.000000]
[253.782639,152.175064]
[433.867188,209.806061]
[56.000000,384.000000]
[93.000000,280.000000]
[307.000000,154.000000]
[8.484735,251.349228]
[356.796356,223.420700]
[209.846024,149.442093]
[401.869110,162.599579]
[214.695801,465.111237]
[177.000000,259.000000]
[478.342072,408.290955]
[343.353699,313.402557]
[436.000000,277.000000]
[2.000000,238.000000]
[377.858124,81.917992]
[154.000000,271.000000]
[133.000000,283.000000]
[408.249634,83.017899]
[273.407196,155.171219]
[210.000000,67.000000]
[7.526199,104.521904]
[354.000000,229.000000]
[429.000000,306.000000]
[132.000000,302.000000]
[152.000000,298.000000]
[428.000000,152.000000]
[2.000000,234.000000]
[356.797272,223.421875]
[312.000000,153.000000]
[234.000000,220.000000]
[14.000000,309.000000]
[426.000000,304.000000]
[201.556870,242.386322]
[57.279449,289.124817]
[412.000000,279.000000]
[442.000000,321.000000]
[21.664013,294.551056]
[195.809067,95.503555]
[131.000000,144.000000]
[342.891602,292.722992]
[488.704620,319.584595]
[351.643066,158.007858]
[15.000000,313.000000]
[196.458038,65.984993]
[510.804504,363.696503]
[538.380249,273.960266]
[439.607941,394.109711]
[47.000000,296.000000]
[268.000000,153.000000]
[304.000000,163.000000]
[316.808289,382.880127]
[541.230652,210.731003]
[65.845856,82.860336]
[560.531250,258.493927]
[487.000000,332.000000]
[401.907562,162.560318]
[60.068916,437.520538]
[141.000000,120.000000]
[58.506313,316.850922]
[320.000000,303.000000]
[284.000000,166.000000]
[273.000000,73.000000]
[171.000000,280.000000]
[404.000000,148.000000]
[292.059387,284.169220]
[261.000000,182.000000]
[254.000000,68.000000]
[47.000000,287.000000]
[426.386108,168.516953]
[408.252747,83.008507]
[602.550598,156.209824]
[156.000000,275.000000]
[75.679573,277.204498]
[273.277588,155.154831]
[355.345520,414.489410]
[223.000000,164.000000]
[4.468540,174.004379]
[287.482086,76.714272]
[414.632324,234.381668]
[421.000000,310.000000]
[276.000000,176.000000]
[507.000000,313.000000]
[215.631226,163.640884]
[255.000000,170.000000]
[3.000000,221.000000]
[433.500702,85.678795]
[220.081345,74.382362]
[247.000000,283.000000]
[359.000000,231.000000]
[616.846558,38.621597]
[292.059662,284.169067]
[421.507111,292.652222]
[429.344971,137.034210]
[148.000000,271.000000]
[374.218872,160.267181]
[295.000000,152.000000]
[279.000000,175.000000]
[377.860565,81.919258]
[274.313782,413.920166]
[45.000000,290.000000]
[523.685303,158.402298]
[489.000000,303.000000]
[256.000000,426.000000]
[5.371229,172.673706]
[361.000000,201.000000]
[215.643753,163.644516]
[100.000000,282.000000]
[377.875214,131.981201]
[309.000000,163.000000]
[280.713501,222.577972]
[239.000000,220.000000]
[214.980652,163.422012]
[183.708282,275.709076]
[184.768341,469.407013]
[587.542358,63.605709]
[292.059448,284.169250]
[585.418396,-0.698831]
[520.801758,346.558167]
[401.902435,162.564850]
[601.466736,74.241295]
[131.000000,269.000000]
[200.827744,242.489578]
[343.354736,313.401367]
[608.801758,174.689972]
[488.709717,319.588043]
[8.000000,217.000000]
[102.049667,314.081238]
[323.790619,160.296906]
[55.000000,76.000000]
[408.250610,83.020821]
[138.630051,132.850510]
[293.769379,259.219635]
[245.000000,165.000000]
[364.509918,344.961090]
[218.000000,227.000000]
[369.000000,147.000000]
[401.901062,162.565948]
[532.897400,461.660431]
[450.149536,298.666565]
[316.808411,382.879822]
[358.252808,80.691742]
