[345.213959,217.523636]
[291.277832,141.142120]
[170.949493,146.627823]
[-1.000000,-1.000000]
[348.434845,65.860489]
[-1.000000,-1.000000]
[306.178772,280.575348]
[342.768890,63.246151]
[-1.000000,-1.000000]
[361.757141,54.276485]
[-1.000000,-1.000000]
[367.166077,77.980492]
[-1.000000,-1.000000]
[-1.000000,-1.000000]
[356.706177,66.600777]
[355.580933,53.500233]
[-1.000000,-1.000000]
[-1.000000,-1.000000]
[-1.000000,-1.000000]
[359.960724,96.352211]
[349.645203,65.609657]
[329.405365,249.477768]
[-1.000000,-1.000000]
[329.440125,249.293533]
[-1.000000,-1.000000]
[-1.000000,-1.000000]
[-1.000000,-1.000000]
[-1.000000,-1.000000]
[-1.000000,-1.000000]
[-1.000000,-1.000000]
[-1.000000,-1.000000]
[348.023834,-0.187088]
[348.280792,206.459778]
[341.744659,63.474037]
[-1.000000,-1.000000]
[-1.000000,-1.000000]
[348.277496,206.456772]
[479.460388,197.277084]
[476.143341,186.892792]
[-1.000000,-1.000000]
[370.989410,372.350769]
[-1.000000,-1.000000]
[-1.000000,-1.000000]
[-1.000000,-1.000000]
[37.075195,243.650421]
[356.705109,66.600677]
[290.384399,323.112701]
[-1.000000,-1.000000]
[337.456238,114.531128]
[3.369673,241.453583]
[345.204590,217.531219]
[475.888367,263.242615]
[-1.000000,-1.000000]
[-1.000000,-1.000000]
[361.943146,94.360016]
[-1.000000,-1.000000]
[-1.000000,-1.000000]
[-1.000000,-1.000000]
[440.806030,309.525391]
[-1.000000,-1.000000]
[349.206757,165.257812]
[370.988129,372.352966]
[367.169342,77.980713]
[433.902466,325.983978]
[-1.000000,-1.000000]
[-1.000000,-1.000000]
[476.145599,186.896271]
[440.549133,308.931763]
[306.177948,280.572906]
[347.563324,265.736206]
[440.550903,308.934296]
[-1.000000,-1.000000]
[355.097748,376.868530]
[-1.000000,-1.000000]
[339.845642,113.321548]
[-1.000000,-1.000000]
[-1.000000,-1.000000]
[479.416718,193.966705]
[355.260956,59.601471]
[-1.000000,-1.000000]
[350.740875,165.693756]
[360.304138,95.947029]
[-1.000000,-1.000000]
[-1.000000,-1.000000]
[368.688477,360.988647]
[170.639938,142.507477]
[-1.000000,-1.000000]
[-1.000000,-1.000000]
[259.784027,304.304840]
[-1.000000,-1.000000]
[476.877106,277.713196]
[329.407745,249.475266]
[-1.000000,-1.000000]
[-1.000000,-1.000000]
[356.718689,66.608185]
[421.816986,326.334717]
[469.314423,285.458679]
[360.934296,67.766998]
[367.738403,61.541317]
[355.143433,166.686050]
[441.195526,310.495605]
[-1.000000,-1.000000]
[2.645379,241.718948]
[370.367279,62.435696]
[291.279358,141.143341]
[479.459839,197.281570]
[-1.000000,-1.000000]
[-1.000000,-1.000000]
[-1.000000,-1.000000]
[-1.000000,-1.000000]
[-1.000000,-1.000000]
[-1.000000,-1.000000]
[356.447845,221.515991]
[-1.000000,-1.000000]
[-1.000000,-1.000000]
[341.645599,70.972855]
[-1.000000,-1.000000]
[-1.000000,-1.000000]
[-1.000000,-1.000000]
[170.951721,146.627350]
[-1.000000,-1.000000]
[458.879852,177.559021]
[369.544220,366.933838]
[475.705322,262.905762]
[290.449738,323.179382]
[291.041107,148.401382]
[366.052277,86.094673]
[-1.000000,-1.000000]
[309.290802,150.058884]
[297.062408,149.928802]
[-1.000000,-1.000000]
[-1.000000,-1.000000]
[-1.000000,-1.000000]
[-1.000000,-1.000000]
[273.312714,310.757141]
[-1.000000,-1.000000]
[356.455383,221.519882]
[-1.000000,-1.000000]
[-1.000000,-1.000000]
[357.529541,221.811234]
[284.848267,141.977432]
[339.006836,261.841980]
[-1.000000,-1.000000]
[-1.000000,-1.000000]
[-1.000000,-1.000000]
[292.777161,285.737030]
[367.167297,77.983597]
[-1.000000,-1.000000]
[-1.000000,-1.000000]
[281.234253,216.677216]
[-1.000000,-1.000000]
[381.958984,265.038940]
[348.245758,65.883003]
[306.178436,280.575043]
[346.545349,62.703678]
[370.993286,372.343201]
[359.984436,53.689632]
[381.807037,264.978912]
[-1.000000,-1.000000]
[284.803009,142.004272]
[-1.000000,-1.000000]
[366.807983,53.451916]
[361.317139,386.296082]
[341.715302,250.261902]
[-1.000000,-1.000000]
[-1.000000,-1.000000]
[-1.000000,-1.000000]
[-1.000000,-1.000000]
[-1.000000,-1.000000]
[427.682892,175.202805]
[-1.000000,-1.000000]
[-1.000000,-1.000000]
[341.788025,72.429474]
[-1.000000,-1.000000]
[-1.000000,-1.000000]
[299.255371,217.006454]
[-1.000000,-1.000000]
[-1.000000,-1.000000]
[369.553558,366.962524]
[370.344177,62.436813]
[367.166840,77.984985]
[-1.000000,-1.000000]
[-1.000000,-1.000000]
[474.038818,185.993469]
[259.769989,304.307312]
[484.603210,262.913818]
[-1.000000,-1.000000]
[345.049194,73.428329]
[-1.000000,-1.000000]
[-1.000000,-1.000000]
[-1.000000,-1.000000]
[-1.000000,-1.000000]
[309.164368,150.013199]
[-1.000000,-1.000000]
[-1.000000,-1.000000]
[-1.000000,-1.000000]
[475.924835,263.299805]
[369.560852,366.951996]
[-1.000000,-1.000000]
[265.864990,221.443359]
[-1.000000,-1.000000]
[-1.000000,-1.000000]
[484.763245,262.968628]
[150.123428,250.417313]
[356.709991,66.602005]
[-1.000000,-1.000000]
[-1.000000,-1.000000]
[-1.000000,-1.000000]
[-1.000000,-1.000000]
[339.423370,113.394722]
[-1.000000,-1.000000]
[-1.000000,-1.000000]
[-1.000000,-1.000000]
[464.883667,180.998108]
[407.764130,309.851074]
[-1.000000,-1.000000]
[-1.000000,-1.000000]
[292.530853,287.884216]
[-1.000000,-1.000000]
[273.570282,241.755630]
[-1.000000,-1.000000]
[-1.000000,-1.000000]
[-1.000000,-1.000000]
[-1.000000,-1.000000]
[-1.000000,-1.000000]
[-1.000000,-1.000000]
[-1.000000,-1.000000]
[-1.000000,-1.000000]
[459.331604,179.978241]
[-1.000000,-1.000000]
[-1.000000,-1.000000]
[294.536041,130.903107]
[11.903969,241.910233]
[270.467102,150.852798]
[-1.000000,-1.000000]
[297.549622,123.698372]
[-1.000000,-1.000000]
[-1.000000,-1.000000]
[461.094025,180.261124]
[-1.000000,-1.000000]
[-1.000000,-1.000000]
[289.622406,216.265137]
[-1.000000,-1.000000]
[384.512115,267.201874]
[-1.000000,-1.000000]
[-1.000000,-1.000000]
[432.806488,302.813232]
[-1.000000,-1.000000]
[280.305115,145.235901]
[426.869812,174.638596]
[-1.000000,-1.000000]
[264.626007,292.450531]
[367.901093,61.522678]
[381.878235,265.006653]
[-1.000000,-1.000000]
[-1.000000,-1.000000]
[360.432678,95.765472]
[385.644379,250.580475]
[371.376190,60.966812]
[-1.000000,-1.000000]
[-1.000000,-1.000000]
[368.620758,61.278400]
[-1.000000,-1.000000]
[-1.000000,-1.000000]
[-1.000000,-1.000000]
[291.280640,141.134918]
[-1.000000,-1.000000]
[349.887390,234.425797]
[365.832916,357.700745]
[-1.000000,-1.000000]
[-1.000000,-1.000000]
[-1.000000,-1.000000]
[301.391449,131.549042]
[461.735077,179.925400]
[269.845703,142.910873]
[362.213806,375.848969]
[60.721241,239.048401]
[373.275665,62.439007]
[349.177612,165.247543]
[-1.000000,-1.000000]
[356.031311,221.142517]
[159.625793,161.828430]
[273.565063,241.746780]
[-1.000000,-1.000000]
[150.120361,250.416306]
[-1.000000,-1.000000]
[-1.000000,-1.000000]
[-1.000000,-1.000000]
[345.338379,178.734268]
[-1.000000,-1.000000]
[-1.000000,-1.000000]
[300.376740,127.539124]
[283.015320,292.690491]
[-1.000000,-1.000000]
[-1.000000,-1.000000]
[-1.000000,-1.000000]
[329.406860,249.471649]
[304.422699,130.865280]
[304.594635,294.393372]
[300.580933,216.622208]
[293.607727,124.276802]
[-1.000000,-1.000000]
[349.423584,65.636063]
[-1.000000,-1.000000]
[-1.000000,-1.000000]
[-1.000000,-1.000000]
[353.024048,196.138763]
[-1.000000,-1.000000]
[-1.000000,-1.000000]
[-1.000000,-1.000000]
[61.176464,235.646957]
[377.058319,245.338837]
[362.126862,386.444794]
[351.827332,6.531960]
[369.558136,366.968292]
[468.956207,204.000351]
[299.308746,216.972183]
[-1.000000,-1.000000]
[170.949722,146.631042]
[-1.000000,-1.000000]
[-1.000000,-1.000000]
[433.519745,326.146515]
[361.314453,386.292084]
[27.665173,233.165894]
[-1.000000,-1.000000]
[354.505402,176.353760]
[369.557587,366.949127]
[315.762848,98.466759]
[-1.000000,-1.000000]
[-1.000000,-1.000000]
[-1.000000,-1.000000]
[-1.000000,-1.000000]
[291.539215,132.403610]
[-1.000000,-1.000000]
[262.950745,129.477142]
[290.455414,323.173981]
[427.677094,175.207520]
[60.695889,239.047729]
[-1.000000,-1.000000]
[60.416241,237.185257]
[-1.000000,-1.000000]
[-1.000000,-1.000000]
[-1.000000,-1.000000]
[-1.000000,-1.000000]
[45.838402,235.074753]
[-1.000000,-1.000000]
[-1.000000,-1.000000]
[353.036377,361.513275]
[290.436279,323.168457]
[258.282715,225.695450]
[345.204468,217.532532]
[-1.000000,-1.000000]
[174.116455,140.098358]
[-1.000000,-1.000000]
[-1.000000,-1.000000]
[362.226562,375.841705]
[-1.000000,-1.000000]
[-1.000000,-1.000000]
[-1.000000,-1.000000]
[188.169128,129.905792]
[-1.000000,-1.000000]
[-1.000000,-1.000000]
[261.096710,117.142258]
[-1.000000,-1.000000]
[281.252960,311.536224]
[296.549988,129.391724]
[258.426697,296.458588]
[-1.000000,-1.000000]
[341.580353,176.607086]
[352.121735,175.954819]
[-1.000000,-1.000000]
[-1.000000,-1.000000]
[279.428192,204.561218]
[-1.000000,-1.000000]
[-1.000000,-1.000000]
[-1.000000,-1.000000]
[273.566620,241.752289]
[288.356476,200.034088]
[-1.000000,-1.000000]
[335.046844,266.808960]
[-1.000000,-1.000000]
[-1.000000,-1.000000]
[-1.000000,-1.000000]
[-1.000000,-1.000000]
[-1.000000,-1.000000]
[-1.000000,-1.000000]
[349.602295,177.863373]
[-1.000000,-1.000000]
[-1.000000,-1.000000]
[384.784058,255.876740]
[306.885010,127.799934]
[260.580109,117.396835]
[-1.000000,-1.000000]
[-1.000000,-1.000000]
[369.549835,366.923706]
[-1.000000,-1.000000]
[-1.000000,-1.000000]
[-1.000000,-1.000000]
[-1.000000,-1.000000]
[270.738586,150.396729]
[338.493652,238.722885]
[-1.000000,-1.000000]
[-1.000000,-1.000000]
[-1.000000,-1.000000]
[-1.000000,-1.000000]
[397.182953,183.484711]
[-1.000000,-1.000000]
[-1.000000,-1.000000]
[-1.000000,-1.000000]
[276.036163,231.127106]
[-1.000000,-1.000000]
[-1.000000,-1.000000]
[-1.000000,-1.000000]
[-1.000000,-1.000000]
[-1.000000,-1.000000]
[-1.000000,-1.000000]
[356.444061,221.514465]
[-1.000000,-1.000000]
[-1.000000,-1.000000]
[323.083923,205.288254]
[411.674255,181.219788]
[337.917877,170.958817]
[-1.000000,-1.000000]
[258.093628,296.268707]
[368.784088,61.218269]
[343.997864,177.425583]
[377.783966,251.327713]
[259.056335,225.004654]
[-1.000000,-1.000000]
[372.542206,289.201202]
[318.590546,261.473602]
[-1.000000,-1.000000]
[-1.000000,-1.000000]
[346.660889,228.361847]
[6.401984,242.040741]
[299.673370,264.752625]
[-1.000000,-1.000000]
[350.337372,77.926636]
[-1.000000,-1.000000]
[355.626587,358.767487]
[-1.000000,-1.000000]
[-1.000000,-1.000000]
[-1.000000,-1.000000]
[-1.000000,-1.000000]
[251.228516,280.500885]
[441.226074,310.566284]
[348.331696,65.872864]
[330.131317,261.788879]
[265.876862,221.441559]
[-1.000000,-1.000000]
[-1.000000,-1.000000]
[-1.000000,-1.000000]
[-1.000000,-1.000000]
[362.220886,375.843170]
[291.280914,141.134109]
[-1.000000,-1.000000]
[450.077484,263.086884]
[-1.000000,-1.000000]
[-1.000000,-1.000000]
[-1.000000,-1.000000]
[274.467651,206.271606]
[-1.000000,-1.000000]
[350.029144,178.042923]
[-1.000000,-1.000000]
[337.901093,114.251411]
[-1.000000,-1.000000]
[-1.000000,-1.000000]
[-1.000000,-1.000000]
[-1.000000,-1.000000]
[362.236389,375.833588]
[276.949890,143.411392]
[-1.000000,-1.000000]
[-1.000000,-1.000000]
[351.477356,177.443756]
[-1.000000,-1.000000]
[290.458588,323.175964]
[348.446289,177.811157]
[-1.000000,-1.000000]
[384.743225,247.001526]
[284.444519,296.209991]
[-1.000000,-1.000000]
[-1.000000,-1.000000]
[263.661316,290.689423]
[-1.000000,-1.000000]
[-1.000000,-1.000000]
[426.514526,189.270142]
[-1.000000,-1.000000]
[-1.000000,-1.000000]
[270.276184,300.657166]
[307.127777,295.049316]
[-1.000000,-1.000000]
[-1.000000,-1.000000]
[265.252136,135.227295]
[-1.000000,-1.000000]
[196.595428,241.911606]
[258.291443,225.691971]
[-1.000000,-1.000000]
[-1.000000,-1.000000]
[-1.000000,-1.000000]
[-1.000000,-1.000000]
[35.716927,233.732697]
[-1.000000,-1.000000]
[-1.000000,-1.000000]
[-1.000000,-1.000000]
[-1.000000,-1.000000]
[-1.000000,-1.000000]
[-1.000000,-1.000000]
[345.199005,217.535233]
[324.533905,264.919006]
[265.623596,221.490143]
[-1.000000,-1.000000]
[374.173828,258.185364]
[435.183746,325.009308]
[-1.000000,-1.000000]
[375.213318,298.601776]
[-1.000000,-1.000000]
[-1.000000,-1.000000]
[347.007172,178.209641]
[-1.000000,-1.000000]
[-1.000000,-1.000000]
[-1.000000,-1.000000]
[458.960022,265.855804]
[-1.000000,-1.000000]
[-1.000000,-1.000000]
[-1.000000,-1.000000]
[-1.000000,-1.000000]
[-1.000000,-1.000000]
[284.708649,297.731293]
[-1.000000,-1.000000]
[-1.000000,-1.000000]
[-1.000000,-1.000000]
[-1.000000,-1.000000]
[286.622253,222.008408]
[-1.000000,-1.000000]
[-1.000000,-1.000000]
[-1.000000,-1.000000]
[466.283752,182.363480]
[287.106140,194.851913]
[-1.000000,-1.000000]
[325.772583,268.423920]
[-1.000000,-1.000000]
[-1.000000,-1.000000]
[-1.000000,-1.000000]
[-1.000000,-1.000000]
[-1.000000,-1.000000]
[-1.000000,-1.000000]
[-1.000000,-1.000000]
[-1.000000,-1.000000]
[-1.000000,-1.000000]
[-1.000000,-1.000000]
[-1.000000,-1.000000]
[294.080383,315.679596]
[365.413940,280.791656]
[262.066010,209.703735]
[370.994537,372.341644]
[364.226990,282.024750]
[-1.000000,-1.000000]
[52.637062,236.740463]
[-1.000000,-1.000000]
[-1.000000,-1.000000]
[-1.000000,-1.000000]
[345.326447,84.340729]
[-1.000000,-1.000000]
[300.848999,261.325989]
[300.199677,331.511169]
[297.087189,266.952942]
[-1.000000,-1.000000]
[-1.000000,-1.000000]
[-1.000000,-1.000000]
[-1.000000,-1.000000]
[265.866760,221.441254]
[-1.000000,-1.000000]
[337.429565,193.820343]
[-1.000000,-1.000000]
[338.654724,178.333984]
[326.434052,214.963120]
[257.267944,134.686768]
[-1.000000,-1.000000]
[325.658813,267.712128]
[-1.000000,-1.000000]
[452.503662,262.669983]
[-1.000000,-1.000000]
[-1.000000,-1.000000]
[-1.000000,-1.000000]
[285.729065,150.356720]
[-1.000000,-1.000000]
[367.479675,61.630913]
[-1.000000,-1.000000]
[260.195129,117.527672]
[-1.000000,-1.000000]
[258.633789,296.574310]
[-1.000000,-1.000000]
[273.567291,241.735809]
[457.169128,266.881104]
[262.199524,237.168182]
[-1.000000,-1.000000]
[-1.000000,-1.000000]
[-1.000000,-1.000000]
[-1.000000,-1.000000]
[422.284149,309.632172]
[-1.000000,-1.000000]
[-1.000000,-1.000000]
[-1.000000,-1.000000]
[376.071991,253.423111]
[289.744995,292.827484]
[-1.000000,-1.000000]
[352.795593,190.235550]
[327.738739,236.144730]
[259.631775,117.712326]
[350.414795,181.403198]
[-1.000000,-1.000000]
[-1.000000,-1.000000]
[-1.000000,-1.000000]
[-1.000000,-1.000000]
[-1.000000,-1.000000]
[-1.000000,-1.000000]
[335.469025,230.922195]
[306.175446,280.571106]
[-1.000000,-1.000000]
[-1.000000,-1.000000]
[-1.000000,-1.000000]
[168.036316,251.555893]
[-1.000000,-1.000000]
[-1.000000,-1.000000]
[295.914642,226.440842]
[314.225189,262.595703]
[269.575592,136.661865]
[-1.000000,-1.000000]
[316.941193,264.775818]
[-1.000000,-1.000000]
[-1.000000,-1.000000]
[146.421677,239.794815]
[-1.000000,-1.000000]
[321.014221,239.259888]
[238.981613,273.130219]
[262.923218,204.132675]
[34.517525,237.119308]
[-1.000000,-1.000000]
[298.025665,317.001709]
[-1.000000,-1.000000]
[-1.000000,-1.000000]
[270.007965,149.238068]
[340.431732,274.823303]
[-1.000000,-1.000000]
[348.275604,206.455383]
[254.524414,241.227280]
[-1.000000,-1.000000]
[329.409698,249.493378]
[-1.000000,-1.000000]
[-1.000000,-1.000000]
[-1.000000,-1.000000]
[281.068298,198.837067]
[-1.000000,-1.000000]
[381.867371,265.002655]
[-1.000000,-1.000000]
[-1.000000,-1.000000]
[289.895172,279.444031]
[416.000092,313.153900]
[-1.000000,-1.000000]
[-1.000000,-1.000000]
[329.443298,249.289993]
[-1.000000,-1.000000]
[287.640991,157.128326]
[-1.000000,-1.000000]
[-1.000000,-1.000000]
[350.730652,165.689835]
[-1.000000,-1.000000]
[-1.000000,-1.000000]
[356.454590,221.520050]
[-1.000000,-1.000000]
[-1.000000,-1.000000]
[300.591064,216.618668]
[367.167603,77.980988]
[-1.000000,-1.000000]
[-1.000000,-1.000000]
[-1.000000,-1.000000]
[149.109283,148.058670]
[306.179932,280.578857]
[343.240906,273.620575]
[354.113251,96.200813]
[-1.000000,-1.000000]
[452.260132,258.983032]
[-1.000000,-1.000000]
[322.346649,205.662674]
[299.639984,294.440979]
[-1.000000,-1.000000]
[-1.000000,-1.000000]
[296.380127,296.942932]
[150.126190,250.419296]
[-1.000000,-1.000000]
[-1.000000,-1.000000]
[457.458252,187.359161]
[-1.000000,-1.000000]
[337.392029,282.263641]
[289.876556,163.909500]
[-1.000000,-1.000000]
[-1.000000,-1.000000]
[-1.000000,-1.000000]
[-1.000000,-1.000000]
[370.317291,62.448860]
[331.507477,237.118347]
[-1.000000,-1.000000]
[-1.000000,-1.000000]
[-1.000000,-1.000000]
[-1.000000,-1.000000]
[-1.000000,-1.000000]
[337.622253,175.090607]
[-1.000000,-1.000000]
[258.379639,296.420685]
[-1.000000,-1.000000]
[427.572815,181.016754]
[-1.000000,-1.000000]
[306.178650,280.574432]
[-1.000000,-1.000000]
[-1.000000,-1.000000]
[-1.000000,-1.000000]
[-1.000000,-1.000000]
[-1.000000,-1.000000]
[-1.000000,-1.000000]
[-1.000000,-1.000000]
[381.876953,265.006836]
[-1.000000,-1.000000]
[-1.000000,-1.000000]
[-1.000000,-1.000000]
[341.796204,72.428955]
[-1.000000,-1.000000]
[293.113434,303.548553]
[-1.000000,-1.000000]
[-1.000000,-1.000000]
[-1.000000,-1.000000]
[422.136566,315.715820]
[-1.000000,-1.000000]
[-1.000000,-1.000000]
[-1.000000,-1.000000]
[264.302124,197.147446]
[-1.000000,-1.000000]
[-1.000000,-1.000000]
[-1.000000,-1.000000]
[-1.000000,-1.000000]
[-1.000000,-1.000000]
[-1.000000,-1.000000]
[-1.000000,-1.000000]
[346.628784,366.453766]
[-1.000000,-1.000000]
[-1.000000,-1.000000]
[379.027069,237.824265]
[-1.000000,-1.000000]
[-1.000000,-1.000000]
[-1.000000,-1.000000]
[-1.000000,-1.000000]
[-1.000000,-1.000000]
[370.414032,62.457962]
[-1.000000,-1.000000]
[354.942261,200.284271]
[-1.000000,-1.000000]
[-1.000000,-1.000000]
[-1.000000,-1.000000]
[-1.000000,-1.000000]
[-1.000000,-1.000000]
[-1.000000,-1.000000]
[-1.000000,-1.000000]
[273.571045,241.754501]
[345.929810,83.428719]
[-1.000000,-1.000000]
[-1.000000,-1.000000]
[-1.000000,-1.000000]
[-1.000000,-1.000000]
[-1.000000,-1.000000]
[-1.000000,-1.000000]
[-1.000000,-1.000000]
[186.566147,248.365799]
[-1.000000,-1.000000]
[-1.000000,-1.000000]
[-1.000000,-1.000000]
[-1.000000,-1.000000]
[-1.000000,-1.000000]
[-1.000000,-1.000000]
[369.534058,366.901917]
[-1.000000,-1.000000]
[-1.000000,-1.000000]
[-1.000000,-1.000000]
[-1.000000,-1.000000]
[-1.000000,-1.000000]
[-1.000000,-1.000000]
[-1.000000,-1.000000]
[-1.000000,-1.000000]
[332.759399,170.629547]
