[173.988434,352.057648]
[321.951996,319.036621]
[143.445084,349.203400]
[143.446701,349.185699]
[143.450912,349.203430]
[143.442795,349.208435]
[258.816101,310.230103]
[237.423279,291.923096]
[143.071320,349.486938]
[360.010315,400.029877]
[360.016357,400.033569]
[369.185364,423.143402]
[237.415054,291.905243]
[369.182587,423.141632]
[360.935608,234.826248]
[258.968506,310.380157]
[360.026062,400.029266]
[572.148193,184.928940]
[141.955933,361.811951]
[336.353149,292.737213]
[300.600037,191.595856]
[348.818146,283.644012]
[143.447647,349.205750]
[369.181488,423.132294]
[298.271606,354.067169]
[237.415298,291.907806]
[567.149170,205.495148]
[385.893524,185.988968]
[289.796722,347.240601]
[253.080536,305.102631]
[299.595886,149.447540]
[321.922760,247.655045]
[299.595886,149.447540]
[142.008453,339.055481]
[361.250061,121.476105]
[309.835815,364.143921]
[172.963486,339.997528]
[572.174805,184.935242]
[327.408295,288.712006]
[386.164856,186.157806]
[145.944611,362.853760]
[319.999115,34.695599]
[278.484741,166.146255]
[339.158600,386.792084]
[307.545471,357.830872]
[369.190857,423.149261]
[511.186707,287.449371]
[177.984619,339.975006]
[511.179932,287.450897]
[327.161072,378.030579]
[173.254959,325.786163]
[-1.000000,-1.000000]
[340.127167,279.502441]
[333.192596,296.958710]
[345.923279,283.337311]
[143.058243,349.502625]
[173.254669,325.787079]
[267.720886,318.874023]
[317.308044,364.549652]
[479.595703,53.357716]
[326.452209,273.420197]
[318.541748,368.928619]
[572.139648,184.924103]
[-1.000000,-1.000000]
[191.786758,151.509995]
[318.965240,359.512268]
[459.865234,263.739899]
[297.022736,357.570374]
[480.789185,350.943817]
[459.866028,263.525696]
[321.957062,319.032867]
[294.025940,158.302048]
[143.056473,349.505310]
[314.139374,368.152649]
[369.183289,423.139038]
[302.800812,358.324188]
[362.677277,445.726471]
[163.860519,335.943909]
[237.432571,291.966187]
[313.086182,214.621918]
[237.411530,291.906189]
[-1.000000,-1.000000]
[342.991760,281.657318]
[321.928162,247.660934]
[334.962982,253.209824]
[272.244537,323.295410]
[308.758087,341.041626]
[312.493225,365.533295]
[339.369141,298.360992]
[458.130554,226.507812]
[572.158081,184.936600]
[256.271698,322.443726]
[339.544220,258.679077]
[321.957733,319.037781]
[466.115387,212.832748]
[-1.000000,-1.000000]
[511.188599,287.450867]
[422.556763,208.531296]
[450.912415,362.133575]
[-1.000000,-1.000000]
[338.901093,227.038345]
[308.036224,353.376129]
[322.045197,222.347275]
[313.414032,355.214264]
[143.056595,349.498016]
[284.055298,337.928894]
[325.275635,218.808853]
[458.164276,226.496490]
[631.111694,361.260529]
[287.913452,338.336090]
[418.414764,137.787415]
[168.884415,338.005096]
[278.480652,166.076889]
[369.197113,423.155182]
[380.351898,285.459015]
[367.550751,434.908295]
[360.030670,400.030548]
[459.870819,263.730255]
[358.888977,167.909912]
[317.367188,223.324249]
[230.142975,307.571564]
[246.590546,293.618408]
[358.889008,167.909714]
[338.849731,227.884247]
[608.680359,303.316620]
[321.952087,319.038605]
[343.984711,289.975250]
[359.997650,400.029907]
[324.085602,361.748474]
[450.912231,362.133606]
[479.575897,53.336525]
[348.885254,388.504272]
[326.485413,222.360687]
[369.193787,423.152405]
[481.021545,350.708588]
[-1.000000,-1.000000]
[435.576080,246.076248]
[360.005463,400.032135]
[-1.000000,-1.000000]
[285.828156,336.167328]
[174.021515,352.062836]
[-1.000000,-1.000000]
[243.236710,439.193451]
[154.982758,335.965149]
[339.912659,267.054077]
[362.436646,410.649078]
[-1.000000,-1.000000]
[157.894913,335.966888]
[278.509003,166.457291]
[427.647980,199.442429]
[361.914398,185.270157]
[278.502808,166.344589]
[169.877487,341.022369]
[335.991241,246.175995]
[479.595703,53.357716]
[371.992767,173.676697]
[415.599976,236.526627]
[294.391418,169.519394]
[360.002045,400.032990]
[449.922607,408.193085]
[322.860870,207.106186]
[-1.000000,-1.000000]
[323.747467,281.400787]
[427.942474,283.135773]
[471.191772,212.994904]
[296.271667,342.931458]
[334.247314,281.003479]
[320.019257,356.414825]
[174.021103,352.063232]
[309.453888,351.559784]
[326.190338,269.528442]
[526.007446,268.016785]
[173.255127,325.786469]
[-1.000000,-1.000000]
[360.920746,234.883438]
[457.078156,414.814117]
[394.129761,288.751282]
[358.878601,167.840637]
[335.615997,286.968384]
[448.882141,253.240097]
[361.249481,121.471779]
[191.793808,151.516586]
[343.257050,295.892181]
[458.209290,226.431168]
[-1.000000,-1.000000]
[159.837265,17.554434]
[312.476440,220.410492]
[391.048615,229.499100]
[319.833527,208.928543]
[301.452728,348.564117]
[125.392159,359.342896]
[308.720184,353.805206]
[363.198669,409.835815]
[-1.000000,-1.000000]
[361.558685,178.796890]
[337.765808,261.849548]
[450.909180,362.147583]
[314.130310,360.683716]
[281.801147,339.535797]
[299.784332,149.693741]
[362.120300,185.996216]
[-1.000000,-1.000000]
[479.941528,205.939743]
[458.278046,226.335785]
[-1.000000,-1.000000]
[409.466339,172.501495]
[125.407410,355.277985]
[422.553619,208.506790]
[188.566055,366.691681]
[432.598846,298.369629]
[323.309235,213.671173]
[247.906815,279.218689]
[230.252594,305.679871]
[338.406708,285.907196]
[360.274567,444.936798]
[391.037415,229.502777]
[608.675293,303.319061]
[420.933136,148.065811]
[-1.000000,-1.000000]
[309.777924,349.836731]
[334.280151,301.437408]
[-1.000000,-1.000000]
[366.362610,410.555145]
[-1.000000,-1.000000]
[360.029358,400.030273]
[415.292267,184.559280]
[360.034363,400.025482]
[211.198929,227.575073]
[374.341522,196.771439]
[299.508728,350.059692]
[361.916840,408.236053]
[358.877838,167.840912]
[368.322144,407.427246]
[408.608704,292.653290]
[457.291321,280.365784]
[360.019073,400.035492]
[346.455200,385.291718]
[-1.000000,-1.000000]
[-1.000000,-1.000000]
[367.615143,178.512604]
[480.787384,350.948212]
[244.447449,345.092499]
[321.952087,319.038605]
[310.417297,225.159485]
[173.254959,325.786163]
[362.623077,190.253799]
[309.933685,315.663055]
[481.033234,350.693146]
[242.250931,291.272583]
[-1.000000,-1.000000]
[332.605896,274.514648]
[211.133804,227.920807]
[371.395569,173.658768]
[298.786072,200.480576]
[127.958618,363.056396]
[335.870209,377.785248]
[386.030579,186.044907]
[402.033936,181.914474]
[258.818665,310.232117]
[470.618439,237.869446]
[376.925751,133.365387]
[572.159241,184.903534]
[131.906799,363.923462]
[419.587585,281.849915]
[312.747650,351.509979]
[446.862915,258.834045]
[326.353241,214.953217]
[467.368591,219.197250]
[129.061066,353.076385]
[-1.000000,-1.000000]
[360.029785,400.025299]
[230.147934,307.569397]
[458.103638,226.519836]
[436.278229,362.714539]
[110.442032,437.705841]
[191.793228,151.509262]
[132.059525,359.107849]
[-1.000000,-1.000000]
[363.035217,186.398087]
[378.253479,199.755478]
[358.891083,167.911194]
[-1.000000,-1.000000]
[422.561554,208.512314]
[441.880890,279.456940]
[429.491516,320.091339]
[375.694153,278.622620]
[361.916138,185.277069]
[306.153015,354.073395]
[-1.000000,-1.000000]
[-1.000000,-1.000000]
[418.427307,137.783798]
[230.137466,307.575012]
[-1.000000,-1.000000]
[328.425049,281.314056]
[280.190765,333.370575]
[410.943878,232.287842]
[362.307617,441.340515]
[308.970673,340.913818]
[289.883270,341.709045]
[422.557922,208.483704]
[-1.000000,-1.000000]
[459.869354,263.732605]
[-1.000000,-1.000000]
[191.793106,151.505371]
[362.430023,410.647827]
[374.129120,205.660797]
[335.098450,379.609375]
[248.496277,291.444611]
[417.428833,180.286392]
[415.044281,370.231140]
[237.474274,306.963104]
[358.895630,167.945831]
[-1.000000,-1.000000]
[369.175659,179.070251]
[321.928467,247.663391]
[361.247345,121.481392]
[285.529175,341.104095]
[418.426239,137.795807]
[-1.000000,-1.000000]
[110.433594,437.698120]
[211.224396,228.232101]
[312.346741,352.754791]
[-1.000000,-1.000000]
[557.262207,200.951904]
[-1.000000,-1.000000]
[398.972626,296.420197]
[-1.000000,-1.000000]
[-1.000000,-1.000000]
[399.795105,174.557220]
[-1.000000,-1.000000]
[247.329834,287.785858]
[360.490265,185.980820]
[371.843140,174.111664]
[310.003876,315.636719]
[290.232452,342.627319]
[525.977051,268.078156]
[310.013123,315.627563]
[-1.000000,-1.000000]
[412.369965,164.732773]
[-1.000000,-1.000000]
[230.131531,307.576843]
[362.433533,410.648468]
[-1.000000,-1.000000]
[361.288330,428.612762]
[-1.000000,-1.000000]
[-1.000000,-1.000000]
[246.348068,293.243286]
[300.600037,191.595856]
[-1.000000,-1.000000]
[309.190155,349.422424]
[631.111694,361.260529]
[-1.000000,-1.000000]
[-1.000000,-1.000000]
[-1.000000,-1.000000]
[174.017746,352.070343]
[278.630737,312.529663]
[-1.000000,-1.000000]
[-1.000000,-1.000000]
[-1.000000,-1.000000]
[-1.000000,-1.000000]
[166.024490,367.052490]
[-1.000000,-1.000000]
[362.946655,448.960541]
[370.117462,230.110580]
[407.841492,349.887451]
[380.363831,285.454346]
[415.597961,237.000763]
[337.241028,270.266113]
[364.282043,198.424454]
[415.478912,167.711121]
[-1.000000,-1.000000]
[380.342712,285.453766]
[315.354584,344.896698]
[572.150024,184.907242]
[320.362274,242.844513]
[363.472839,413.245361]
[-1.000000,-1.000000]
[360.928864,234.851761]
[-1.000000,-1.000000]
[568.995667,195.102463]
[375.747772,220.552475]
[321.957062,319.032867]
[-1.000000,-1.000000]
[-1.000000,-1.000000]
[300.601593,191.597794]
[-1.000000,-1.000000]
[159.838989,17.548407]
[415.612122,236.925415]
[-1.000000,-1.000000]
[-1.000000,-1.000000]
[358.888458,167.917084]
[-1.000000,-1.000000]
[439.840820,294.300964]
[362.430023,410.647827]
[174.016342,352.062714]
[481.031067,350.696106]
[360.935608,234.826248]
[361.254059,121.477058]
[-1.000000,-1.000000]
[211.206573,228.116425]
[525.405212,268.971497]
[330.972717,44.252930]
[422.554901,208.487198]
[481.012787,350.708313]
[-1.000000,-1.000000]
[360.006195,400.029755]
[-1.000000,-1.000000]
[311.275269,346.488464]
[-1.000000,-1.000000]
[415.555115,236.215683]
[-1.000000,-1.000000]
[314.744202,178.990601]
[407.207428,179.716965]
[319.920288,34.689129]
[249.011658,322.884613]
[358.876373,167.838898]
[-1.000000,-1.000000]
[-1.000000,-1.000000]
[-1.000000,-1.000000]
[404.978363,233.841141]
[288.722412,159.251724]
[-1.000000,-1.000000]
[-1.000000,-1.000000]
[363.397888,438.951416]
[241.448456,332.649414]
[450.912231,362.133606]
[-1.000000,-1.000000]
[489.495880,192.405380]
[236.808685,288.875488]
[349.264343,277.646759]
[-1.000000,-1.000000]
[435.576691,246.074814]
[-1.000000,-1.000000]
[278.883240,157.230911]
[430.706451,344.363831]
[468.885193,235.443817]
[-1.000000,-1.000000]
[305.471191,205.071213]
[-1.000000,-1.000000]
[362.430023,410.647827]
[333.118256,266.981323]
[314.047607,345.530670]
[479.580719,53.351719]
[321.958405,319.030731]
[244.441849,345.100128]
[-1.000000,-1.000000]
[285.512665,347.232910]
[-1.000000,-1.000000]
[308.968018,340.910187]
[525.390259,269.017273]
[345.953186,259.864868]
[151.025070,364.853271]
[-1.000000,-1.000000]
[166.040237,367.053345]
[-1.000000,-1.000000]
[362.426147,410.647491]
[407.252655,231.342758]
[333.291931,283.923218]
[-1.000000,-1.000000]
[-1.000000,-1.000000]
[434.549805,275.523407]
[358.891663,167.925217]
[448.664642,297.731049]
[380.352478,285.469543]
[308.323242,317.763794]
[332.984283,41.181946]
[-1.000000,-1.000000]
[572.175903,184.924744]
[244.446457,345.089508]
[404.135803,299.634521]
[435.576691,246.074814]
[-1.000000,-1.000000]
[-1.000000,-1.000000]
[421.800385,360.539307]
[-1.000000,-1.000000]
[369.630096,295.702057]
[375.376007,171.757401]
[355.023987,415.514191]
[-1.000000,-1.000000]
[309.123444,341.025574]
[471.080658,237.399750]
[-1.000000,-1.000000]
[-1.000000,-1.000000]
[258.980225,310.396271]
[354.398224,259.494202]
[159.836731,17.609959]
[-1.000000,-1.000000]
[320.362091,242.846329]
[-1.000000,-1.000000]
[-1.000000,-1.000000]
[459.871490,263.732178]
[-1.000000,-1.000000]
[420.877655,337.710938]
[452.233276,278.762177]
[-1.000000,-1.000000]
[351.436371,240.104599]
[435.575317,246.076752]
[436.303680,362.690308]
[561.730530,422.486023]
[299.590820,149.472961]
[-1.000000,-1.000000]
[298.517609,176.755402]
[-1.000000,-1.000000]
[173.254959,325.786163]
[362.430359,410.648071]
[380.289062,285.473969]
[-1.000000,-1.000000]
[-1.000000,-1.000000]
[559.272034,190.716812]
[429.759308,281.163483]
[191.793060,151.509857]
[375.074585,296.677917]
[450.904724,362.142548]
[-1.000000,-1.000000]
[-1.000000,-1.000000]
[-1.000000,-1.000000]
[450.912231,362.133606]
[291.280090,336.616425]
[467.211060,224.840088]
[391.034546,229.497009]
[-1.000000,-1.000000]
[279.154144,342.686829]
[436.304779,362.689453]
[524.919678,269.473175]
[302.372742,345.381165]
[143.071320,349.486938]
[-1.000000,-1.000000]
[300.602325,191.602188]
[-1.000000,-1.000000]
[477.936859,206.902435]
[-1.000000,-1.000000]
[411.722168,178.325470]
[305.156525,341.944641]
[350.976776,374.984192]
[479.580139,53.353546]
[-1.000000,-1.000000]
[-1.000000,-1.000000]
[384.446320,243.385147]
[377.933044,295.326019]
[360.926819,234.879913]
[447.145630,382.039825]
[360.934296,234.837692]
[525.395752,268.995880]
[425.394257,349.436798]
[255.701202,287.989105]
[446.367554,295.865479]
[376.252472,446.170471]
[343.298431,246.735550]
[404.359406,183.974045]
[-1.000000,-1.000000]
[391.037872,229.500259]
[361.596985,175.104675]
[278.480652,166.076889]
[-1.000000,-1.000000]
[473.229584,63.505642]
[358.892700,167.919876]
[361.254791,121.467552]
[307.764374,340.925079]
[415.608734,236.533142]
[-1.000000,-1.000000]
[382.182770,428.024445]
[457.631500,284.266144]
[480.805573,350.938141]
[356.458771,138.687454]
[455.308014,399.291168]
[372.082947,291.407562]
[-1.000000,-1.000000]
[-1.000000,-1.000000]
[311.654510,177.650421]
[522.480774,271.269196]
[-1.000000,-1.000000]
[377.713348,279.703400]
[416.023041,296.369263]
[469.053833,212.496933]
[129.068069,348.102509]
[-1.000000,-1.000000]
[297.038452,339.332550]
[300.603088,191.605484]
[372.236145,174.276474]
[-1.000000,-1.000000]
[340.573578,246.828400]
[560.588562,187.447983]
[302.286926,142.595154]
[380.281006,284.604706]
[-1.000000,-1.000000]
[355.152618,258.967773]
[397.816559,328.751709]
[320.361725,242.845596]
[361.251190,121.472229]
[310.259033,343.981232]
[458.274567,226.342621]
[459.866028,263.738037]
[311.570007,155.859390]
[419.663757,285.199951]
[422.428894,343.924347]
[-1.000000,-1.000000]
[398.518188,173.085205]
[-1.000000,-1.000000]
[-1.000000,-1.000000]
[413.820587,353.330994]
[-1.000000,-1.000000]
[310.351715,229.987015]
[-1.000000,-1.000000]
[-1.000000,-1.000000]
[459.864136,263.563080]
[-1.000000,-1.000000]
[243.240051,439.190887]
[299.191711,345.160828]
[477.923645,206.903839]
[143.443771,349.192657]
[-1.000000,-1.000000]
[563.574280,197.718552]
[-1.000000,-1.000000]
[355.236084,284.707214]
[371.542542,408.666504]
[-1.000000,-1.000000]
[338.459869,274.856384]
[308.338684,317.770935]
[326.348145,276.738586]
[406.900574,224.561295]
[376.044250,294.549805]
[360.922455,234.890823]
[422.838135,355.668274]
[281.733398,173.420303]
[462.669586,208.744110]
[400.731537,194.922409]
[329.738617,218.313980]
[477.926270,206.907028]
[-1.000000,-1.000000]
[-1.000000,-1.000000]
[479.579437,53.357666]
[-1.000000,-1.000000]
[459.878052,263.561279]
[-1.000000,-1.000000]
[-1.000000,-1.000000]
[368.667969,442.749756]
[289.467010,340.576477]
[-1.000000,-1.000000]
[-1.000000,-1.000000]
[572.165100,184.929489]
[332.740906,259.401855]
[298.830017,339.447327]
[-1.000000,-1.000000]
[299.833862,203.499863]
[465.100677,218.339462]
[267.259033,308.232330]
[-1.000000,-1.000000]
[321.952087,319.038605]
[-1.000000,-1.000000]
[450.904144,362.145447]
[-1.000000,-1.000000]
[308.969360,340.911560]
[458.273193,226.342529]
[-1.000000,-1.000000]
[-1.000000,-1.000000]
[-1.000000,-1.000000]
[410.313873,351.786865]
[-1.000000,-1.000000]
[452.314056,266.253021]
[-1.000000,-1.000000]
[-1.000000,-1.000000]
[410.026337,373.038483]
[376.376556,235.900299]
[-1.000000,-1.000000]
[246.870239,316.279663]
[391.892426,303.495056]
[-1.000000,-1.000000]
[468.898834,57.161488]
[-1.000000,-1.000000]
[380.326416,285.459106]
[411.386780,141.958191]
[280.644257,169.382721]
[290.362122,344.122314]
[-1.000000,-1.000000]
[-1.000000,-1.000000]
[451.374298,299.264709]
[-1.000000,-1.000000]
[110.442032,437.705841]
[366.681427,287.888184]
[401.463257,325.537994]
[366.754791,286.381653]
[-1.000000,-1.000000]
[415.606537,236.996063]
[369.637543,294.378418]
[-1.000000,-1.000000]
[362.430023,410.647827]
[377.153473,143.928848]
[-1.000000,-1.000000]
[-1.000000,-1.000000]
[313.246368,208.394104]
[561.967529,422.106140]
[385.781372,185.818787]
[380.152771,448.883179]
[-1.000000,-1.000000]
[-1.000000,-1.000000]
[-1.000000,-1.000000]
[-1.000000,-1.000000]
[361.918762,185.315277]
[-1.000000,-1.000000]
[412.216461,376.787567]
[407.459076,375.356323]
[300.596680,191.580139]
[-1.000000,-1.000000]
[458.278259,226.332611]
[272.379791,335.056305]
[360.909729,234.852768]
[314.322388,174.471802]
[-1.000000,-1.000000]
[312.450775,180.511795]
[310.863861,161.944046]
[188.570526,366.685059]
[-1.000000,-1.000000]
[429.769379,204.369110]
[-1.000000,-1.000000]
[316.197205,349.791656]
[-1.000000,-1.000000]
[-1.000000,-1.000000]
[375.690796,278.624054]
[477.854492,207.171249]
[-1.000000,-1.000000]
[-1.000000,-1.000000]
[358.875519,167.841812]
[-1.000000,-1.000000]
[364.911285,286.111633]
[-1.000000,-1.000000]
[-1.000000,-1.000000]
[305.009033,343.020630]
[312.365509,372.463745]
[-1.000000,-1.000000]
[380.343292,285.459534]
[-1.000000,-1.000000]
[457.037231,414.787415]
[347.930878,375.952057]
[-1.000000,-1.000000]
[-1.000000,-1.000000]
[635.515503,376.638641]
[-1.000000,-1.000000]
[-1.000000,-1.000000]
[-1.000000,-1.000000]
[320.619720,288.968964]
[-1.000000,-1.000000]
[293.662109,329.046509]
[332.238159,315.572998]
[361.917053,185.294556]
[308.420990,369.736938]
[299.781128,149.687500]
[-1.000000,-1.000000]
[278.499817,166.297058]
[-1.000000,-1.000000]
[-1.000000,-1.000000]
[-1.000000,-1.000000]
[363.279968,194.379105]
[429.337402,341.460846]
[409.465607,172.516647]
[-1.000000,-1.000000]
[279.061523,158.068069]
[-1.000000,-1.000000]
[249.426239,279.576294]
[285.164124,317.313782]
[-1.000000,-1.000000]
[159.839951,17.620403]
[-1.000000,-1.000000]
[388.098297,449.703186]
[345.191803,379.739960]
[436.276459,362.708405]
[302.246826,342.739227]
[-1.000000,-1.000000]
[-1.000000,-1.000000]
[357.013153,385.304657]
[-1.000000,-1.000000]
[152.947647,360.839325]
[418.429596,137.781189]
[-1.000000,-1.000000]
[-1.000000,-1.000000]
[-1.000000,-1.000000]
[292.895782,340.674316]
[-1.000000,-1.000000]
[270.169067,313.044312]
[299.593018,149.467865]
[-1.000000,-1.000000]
[-1.000000,-1.000000]
[-1.000000,-1.000000]
[278.481781,166.083771]
[-1.000000,-1.000000]
[443.010651,394.345276]
[-1.000000,-1.000000]
[-1.000000,-1.000000]
[320.362640,242.844421]
[300.566925,191.515778]
[-1.000000,-1.000000]
[-1.000000,-1.000000]
[290.719452,339.103638]
[-1.000000,-1.000000]
[-1.000000,-1.000000]
[-1.000000,-1.000000]
[608.675293,303.319061]
[391.032196,229.501343]
[443.016449,394.328217]
[-1.000000,-1.000000]
[119.836922,430.042389]
[-1.000000,-1.000000]
[459.864471,263.541687]
[-1.000000,-1.000000]
[349.094788,417.341278]
[-1.000000,-1.000000]
[321.921875,247.655090]
[-1.000000,-1.000000]
[355.624084,407.102356]
[395.314148,415.044189]
[-1.000000,-1.000000]
[-1.000000,-1.000000]
[435.576721,246.077347]
[-1.000000,-1.000000]
[404.471527,225.166260]
[360.212555,185.314117]
[-1.000000,-1.000000]
[-1.000000,-1.000000]
[-1.000000,-1.000000]
[342.391907,274.226807]
[339.860870,302.979553]
[-1.000000,-1.000000]
[456.649323,235.368637]
[-1.000000,-1.000000]
[-1.000000,-1.000000]
[393.960785,435.716492]
[479.590210,53.348145]
[-1.000000,-1.000000]
[407.354797,381.425537]
[306.077576,22.048315]
[511.179535,287.448547]
[391.035156,229.489334]
[319.917023,34.685387]
[-1.000000,-1.000000]
[-1.000000,-1.000000]
[373.079559,144.766174]
[391.922485,303.511139]
[-1.000000,-1.000000]
[478.046051,206.415070]
[408.852905,366.890869]
[443.010010,394.345215]
[450.904724,362.142548]
[387.930847,318.451813]
[304.332397,217.089584]
[350.808533,294.901947]
[410.374664,146.351654]
[452.867798,348.266907]
[402.418152,420.329803]
[430.742767,271.439575]
[452.844757,273.944214]
[-1.000000,-1.000000]
[-1.000000,-1.000000]
[310.006470,315.590485]
[-1.000000,-1.000000]
[300.112976,163.081024]
[-1.000000,-1.000000]
[174.010696,352.068756]
[535.804199,270.873230]
[-1.000000,-1.000000]
[435.582031,246.075043]
[-1.000000,-1.000000]
[300.570404,191.514908]
[-1.000000,-1.000000]
[-1.000000,-1.000000]
[-1.000000,-1.000000]
[480.787384,350.948212]
[-1.000000,-1.000000]
[255.457062,285.518890]
[321.958405,319.030731]
[-1.000000,-1.000000]
[-1.000000,-1.000000]
[166.024490,367.052490]
[-1.000000,-1.000000]
[-1.000000,-1.000000]
[415.760254,203.159103]
[-1.000000,-1.000000]
[256.598267,301.207947]
[-1.000000,-1.000000]
[-1.000000,-1.000000]
[375.315186,125.452187]
[408.496429,324.249481]
[385.285645,299.148071]
[397.203125,304.058655]
[-1.000000,-1.000000]
[478.485687,207.954346]
[-1.000000,-1.000000]
[-1.000000,-1.000000]
[403.575958,204.088593]
[436.269318,362.743286]
[-1.000000,-1.000000]
[-1.000000,-1.000000]
[371.916199,122.359291]
[-1.000000,-1.000000]
[-1.000000,-1.000000]
[373.314606,169.177460]
[396.250366,191.392151]
[-1.000000,-1.000000]
[-1.000000,-1.000000]
[-1.000000,-1.000000]
[-1.000000,-1.000000]
[244.447968,345.102234]
[-1.000000,-1.000000]
[332.373810,37.097229]
[-1.000000,-1.000000]
[277.220123,168.388611]
[364.562531,195.584610]
[325.612152,228.839539]
[-1.000000,-1.000000]
[-1.000000,-1.000000]
[-1.000000,-1.000000]
[420.690399,299.742462]
[-1.000000,-1.000000]
[309.399445,339.049438]
[-1.000000,-1.000000]
[-1.000000,-1.000000]
[401.178680,416.889282]
[330.082825,234.953110]
[143.175247,349.407532]
[-1.000000,-1.000000]
[407.183502,284.205200]
[374.940643,447.976044]
[380.596741,420.406433]
[458.209198,226.431564]
[-1.000000,-1.000000]
[-1.000000,-1.000000]
[-1.000000,-1.000000]
[-1.000000,-1.000000]
[-1.000000,-1.000000]
[-1.000000,-1.000000]
[-1.000000,-1.000000]
[391.037445,229.490234]
[-1.000000,-1.000000]
[375.701874,278.626923]
[479.591187,53.355774]
[-1.000000,-1.000000]
[-1.000000,-1.000000]
[371.447144,179.252411]
[-1.000000,-1.000000]
[-1.000000,-1.000000]
[-1.000000,-1.000000]
[-1.000000,-1.000000]
[-1.000000,-1.000000]
[394.870117,283.193939]
[-1.000000,-1.000000]
[450.075928,238.244110]
[-1.000000,-1.000000]
[440.662018,411.255768]
[420.208862,195.105087]
[-1.000000,-1.000000]
[319.905609,34.715145]
[-1.000000,-1.000000]
[-1.000000,-1.000000]
[-1.000000,-1.000000]
[254.086517,300.405884]
[-1.000000,-1.000000]
[244.447449,345.092499]
[-1.000000,-1.000000]
[320.772644,243.680191]
[404.484467,360.391510]
[360.029907,400.031921]
[448.681824,269.345093]
[375.712128,278.625580]
[445.179077,268.232147]
[-1.000000,-1.000000]
[-1.000000,-1.000000]
[-1.000000,-1.000000]
[-1.000000,-1.000000]
[-1.000000,-1.000000]
[468.994537,221.505493]
[-1.000000,-1.000000]
[-1.000000,-1.000000]
[-1.000000,-1.000000]
[363.741241,184.391037]
[-1.000000,-1.000000]
[-1.000000,-1.000000]
[111.793549,410.980194]
[436.322235,362.692017]
[422.554901,208.487198]
[-1.000000,-1.000000]
[391.037231,229.501846]
[-1.000000,-1.000000]
[631.111694,361.260529]
[370.259491,175.952393]
[350.217529,370.763184]
[-1.000000,-1.000000]
[159.812225,366.938965]
[396.399109,430.211029]
[311.417847,343.737671]
[-1.000000,-1.000000]
[-1.000000,-1.000000]
[299.783478,149.695709]
[358.281128,174.753387]
[-1.000000,-1.000000]
[277.398804,172.232422]
[-1.000000,-1.000000]
[-1.000000,-1.000000]
[246.686737,283.887390]
[-1.000000,-1.000000]
[-1.000000,-1.000000]
[608.676697,303.320557]
[572.137756,184.906052]
