[174.001892,352.080170]
[323.409637,301.403137]
[143.447784,349.225861]
[143.449631,349.208862]
[143.454025,349.225922]
[143.445755,349.231415]
[266.348785,310.268768]
[235.424438,296.776855]
[143.073135,349.508575]
[364.725006,399.491638]
[364.732178,399.497192]
[371.901642,421.466949]
[235.414932,296.756531]
[371.897186,421.463623]
[361.367767,228.742813]
[266.371765,310.282501]
[364.741730,399.491638]
[572.107483,184.939163]
[141.960754,361.882111]
[337.668182,286.581573]
[299.014191,184.491150]
[351.462250,277.088715]
[143.450531,349.228699]
[371.897766,421.455933]
[300.963531,347.397736]
[235.415329,296.758850]
[567.081116,205.576248]
[387.964447,177.682831]
[291.573151,339.153259]
[264.950836,310.075745]
[298.628723,144.380646]
[321.868042,242.042267]
[298.628723,144.380646]
[142.019592,339.070435]
[366.857178,116.056480]
[312.455627,358.203766]
[172.987000,340.048492]
[572.133545,184.946762]
[328.615356,282.791718]
[388.179657,177.863266]
[145.954590,362.923737]
[320.051483,34.642754]
[277.142639,163.710571]
[344.415833,385.395142]
[311.985687,353.195038]
[371.905945,421.469452]
[511.109436,287.562622]
[178.016541,340.023346]
[511.104950,287.560913]
[333.112030,376.585907]
[173.287506,325.905365]
[-1.000000,-1.000000]
[341.458618,273.711304]
[334.381805,290.784607]
[347.752411,276.924225]
[143.059662,349.524719]
[173.287292,325.905273]
[270.427185,312.721924]
[320.551117,359.964783]
[479.605865,53.243679]
[327.589600,268.073364]
[322.998047,365.902679]
[572.098816,184.934250]
[-1.000000,-1.000000]
[191.540405,151.482544]
[322.995575,355.207581]
[466.040863,253.271469]
[300.027618,351.583496]
[480.897278,350.796875]
[466.016937,253.090195]
[323.417053,301.400604]
[293.153625,153.949341]
[143.057785,349.527435]
[317.176361,363.503937]
[371.898865,421.460968]
[306.389282,352.856415]
[363.326569,443.749268]
[163.943466,335.994598]
[235.438385,296.831848]
[310.968140,206.820892]
[235.411911,296.757782]
[-1.000000,-1.000000]
[344.697968,275.394226]
[321.874237,242.050751]
[335.158478,247.243134]
[276.068451,317.311432]
[311.439362,331.468964]
[314.900726,359.752533]
[340.772736,292.114929]
[465.949860,216.828461]
[572.118286,184.948074]
[260.327728,319.760223]
[340.213318,252.701355]
[323.418060,301.404205]
[475.340271,203.399612]
[-1.000000,-1.000000]
[511.111298,287.564575]
[430.904572,196.917648]
[456.847290,355.138245]
[-1.000000,-1.000000]
[337.243530,219.115845]
[313.202332,349.073883]
[320.268280,214.893768]
[333.338318,363.633118]
[143.058365,349.519653]
[286.424133,330.381989]
[323.679260,211.438904]
[465.982300,216.821564]
[631.069763,361.498138]
[289.224304,329.209991]
[434.409607,134.385712]
[168.922867,338.056732]
[277.138214,163.639771]
[371.912292,421.476593]
[385.449615,277.807159]
[369.078156,430.544525]
[364.745422,399.492371]
[466.043945,253.262512]
[361.970947,159.053528]
[315.437897,215.765106]
[221.044144,307.282410]
[246.024094,296.574371]
[361.969879,159.045303]
[337.255157,220.044357]
[608.668823,303.294556]
[323.413910,301.404175]
[345.702606,283.403564]
[364.713257,399.492859]
[328.226288,357.694458]
[456.849640,355.134521]
[479.587677,53.223164]
[353.585999,386.961853]
[324.946014,214.890564]
[371.907654,421.474945]
[481.094910,350.612030]
[-1.000000,-1.000000]
[441.258881,238.664078]
[364.721008,399.495239]
[-1.000000,-1.000000]
[287.457092,327.455505]
[174.030685,352.084686]
[-1.000000,-1.000000]
[243.309479,439.139740]
[155.014969,335.993317]
[341.037048,261.549255]
[366.675995,410.008972]
[-1.000000,-1.000000]
[157.955170,335.989990]
[277.179382,164.011383]
[436.045410,190.514236]
[363.407318,174.987213]
[277.170105,163.881516]
[169.911972,341.076416]
[335.873810,239.956055]
[479.605865,53.243679]
[374.496216,163.833313]
[419.251495,229.756042]
[293.708618,166.268936]
[364.717255,399.495605]
[455.438110,409.234894]
[321.336395,199.720413]
[-1.000000,-1.000000]
[324.962952,275.560852]
[435.815887,273.713104]
[480.624176,203.201828]
[296.334137,332.154999]
[335.502960,275.264191]
[324.840027,352.375580]
[174.030655,352.084900]
[316.944855,349.136444]
[327.237152,264.429932]
[525.836975,268.216614]
[173.286682,325.906006]
[-1.000000,-1.000000]
[361.338379,228.800766]
[462.770813,415.135437]
[399.611755,280.924530]
[361.970184,159.005554]
[336.945770,280.888031]
[455.021057,244.214020]
[366.856293,116.052689]
[191.543365,151.481140]
[345.269501,289.101135]
[466.025238,216.769043]
[-1.000000,-1.000000]
[159.788132,17.304499]
[310.477051,212.802582]
[393.326782,221.527008]
[317.997772,201.398087]
[303.814911,340.904694]
[125.335358,359.384674]
[315.744110,351.176788]
[367.515411,409.267365]
[-1.000000,-1.000000]
[363.683502,171.525787]
[338.538055,256.070038]
[456.846680,355.146790]
[317.556000,355.562622]
[284.993530,333.009308]
[298.810364,144.549652]
[363.514465,175.561600]
[-1.000000,-1.000000]
[490.763000,195.613007]
[466.078186,216.709564]
[-1.000000,-1.000000]
[425.243835,162.459320]
[125.339287,355.306366]
[430.906494,196.898087]
[188.544006,366.659943]
[439.648682,289.336273]
[321.661652,206.337265]
[245.495178,284.953613]
[222.627533,308.170349]
[339.744720,279.748505]
[360.493500,444.042236]
[393.318329,221.532272]
[608.665588,303.296783]
[436.781586,143.522522]
[-1.000000,-1.000000]
[319.553558,348.871399]
[335.486694,295.243286]
[-1.000000,-1.000000]
[370.640045,409.916870]
[-1.000000,-1.000000]
[364.744049,399.491638]
[428.504456,176.939697]
[364.748474,399.485718]
[213.063187,237.248535]
[375.166809,185.155411]
[299.567627,339.359192]
[366.358368,407.748352]
[361.969666,159.005768]
[372.763184,406.851227]
[415.539825,284.443939]
[464.158936,273.182098]
[364.734924,399.498962]
[351.463562,383.705933]
[-1.000000,-1.000000]
[-1.000000,-1.000000]
[369.742920,170.247879]
[480.898315,350.798828]
[244.555161,345.296844]
[323.413910,301.404175]
[308.589172,217.766220]
[173.287506,325.905365]
[363.744110,179.587952]
[312.105927,291.919891]
[481.099213,350.606873]
[240.536285,295.303864]
[-1.000000,-1.000000]
[333.776886,269.020081]
[212.921402,237.217941]
[373.834808,163.361816]
[296.386566,191.546585]
[127.959999,363.120544]
[341.584167,375.848907]
[388.073334,177.741516]
[416.999298,177.109726]
[266.349670,310.268707]
[478.265167,226.389725]
[383.012054,129.580048]
[572.119934,184.911224]
[131.908691,363.992035]
[426.202606,272.709625]
[316.605896,345.723999]
[453.032715,249.743591]
[324.777100,207.502548]
[475.853455,209.819977]
[129.017029,353.114502]
[-1.000000,-1.000000]
[364.745117,399.487579]
[221.032822,307.264160]
[465.922791,216.838455]
[443.322388,356.624817]
[110.456856,437.197601]
[191.543106,151.473557]
[132.024902,359.155762]
[-1.000000,-1.000000]
[364.408844,175.663498]
[379.742767,188.292465]
[361.972290,159.047012]
[-1.000000,-1.000000]
[430.911377,196.902832]
[449.847076,270.374817]
[436.155151,313.032501]
[381.105591,271.378052]
[363.408173,174.988403]
[309.616333,348.050964]
[-1.000000,-1.000000]
[-1.000000,-1.000000]
[434.421387,134.383057]
[221.039993,307.280548]
[-1.000000,-1.000000]
[329.639313,275.578186]
[282.719849,326.093414]
[413.800110,225.272003]
[363.175812,438.946533]
[311.814819,331.094452]
[291.157196,332.680939]
[430.913055,196.880356]
[-1.000000,-1.000000]
[466.042450,253.263824]
[-1.000000,-1.000000]
[191.539658,151.472931]
[366.669922,410.007599]
[374.633179,193.141159]
[340.836090,377.874908]
[250.662491,295.420654]
[431.622803,170.760574]
[421.369507,362.512115]
[240.732437,314.382904]
[361.972168,159.083679]
[-1.000000,-1.000000]
[371.202637,170.495865]
[321.874939,242.052261]
[366.852692,116.065147]
[287.943481,333.576508]
[434.420349,134.396454]
[-1.000000,-1.000000]
[110.449753,437.193237]
[213.006485,237.248734]
[321.486938,350.973175]
[-1.000000,-1.000000]
[557.267822,200.964127]
[-1.000000,-1.000000]
[405.601562,288.612762]
[-1.000000,-1.000000]
[-1.000000,-1.000000]
[415.234039,172.410461]
[-1.000000,-1.000000]
[245.824005,292.228760]
[361.919434,176.138321]
[374.364929,165.251099]
[312.153198,291.919769]
[291.616882,333.817810]
[525.809082,268.282806]
[312.159637,291.917206]
[-1.000000,-1.000000]
[427.965912,153.730286]
[-1.000000,-1.000000]
[221.029770,307.270813]
[366.673279,410.008118]
[-1.000000,-1.000000]
[363.005127,425.168854]
[-1.000000,-1.000000]
[-1.000000,-1.000000]
[245.672241,296.327271]
[299.014191,184.491150]
[-1.000000,-1.000000]
[312.271301,342.600983]
[631.069763,361.498138]
[-1.000000,-1.000000]
[-1.000000,-1.000000]
[-1.000000,-1.000000]
[174.027466,352.092651]
[332.720947,355.078766]
[-1.000000,-1.000000]
[-1.000000,-1.000000]
[-1.000000,-1.000000]
[-1.000000,-1.000000]
[166.076874,367.020264]
[-1.000000,-1.000000]
[363.448822,447.534943]
[371.303772,224.333527]
[414.102570,342.446289]
[385.461639,277.804901]
[419.245453,230.245102]
[338.354034,264.974243]
[365.026947,186.524780]
[430.935150,156.731934]
[-1.000000,-1.000000]
[385.440887,277.805389]
[320.032318,337.437561]
[572.111511,184.913055]
[320.113739,237.366928]
[367.492004,412.467529]
[-1.000000,-1.000000]
[361.352905,228.768936]
[-1.000000,-1.000000]
[568.958191,195.104218]
[377.702209,215.394638]
[323.417053,301.400604]
[-1.000000,-1.000000]
[-1.000000,-1.000000]
[299.015747,184.492813]
[-1.000000,-1.000000]
[159.783508,17.289995]
[419.259552,230.183228]
[252.261917,289.506653]
[-1.000000,-1.000000]
[361.969452,159.061844]
[-1.000000,-1.000000]
[446.887146,285.458069]
[366.669922,410.007599]
[174.027771,352.084869]
[481.098938,350.607056]
[361.367767,228.742813]
[366.860229,116.057335]
[-1.000000,-1.000000]
[213.010910,237.238586]
[525.268066,269.144714]
[330.965668,44.193153]
[430.909332,196.880676]
[481.084442,350.613617]
[-1.000000,-1.000000]
[364.722778,399.493256]
[-1.000000,-1.000000]
[314.463867,339.454376]
[-1.000000,-1.000000]
[419.207886,229.405762]
[-1.000000,-1.000000]
[314.195923,173.712921]
[423.331329,172.752884]
[319.983032,34.638126]
[250.341431,318.487793]
[361.968781,159.006470]
[-1.000000,-1.000000]
[-1.000000,-1.000000]
[-1.000000,-1.000000]
[407.056702,225.254623]
[287.812836,155.343964]
[-1.000000,-1.000000]
[-1.000000,-1.000000]
[364.598297,435.999329]
[241.446945,332.649719]
[456.849609,355.134369]
[-1.000000,-1.000000]
[500.709595,187.598785]
[234.467178,293.837646]
[351.664825,271.229675]
[-1.000000,-1.000000]
[441.259369,238.662613]
[-1.000000,-1.000000]
[277.342407,154.593445]
[436.991394,337.158508]
[476.401459,224.575897]
[-1.000000,-1.000000]
[303.323334,196.854279]
[-1.000000,-1.000000]
[366.669922,410.007599]
[334.077942,261.765137]
[318.083862,338.446777]
[479.588989,53.237541]
[323.417328,301.400970]
[244.549469,345.307190]
[406.219757,373.912476]
[288.302338,340.528503]
[-1.000000,-1.000000]
[311.810730,331.087952]
[525.260010,269.180908]
[346.976898,253.603790]
[151.027084,364.903412]
[-1.000000,-1.000000]
[166.091965,367.021454]
[-1.000000,-1.000000]
[366.666016,410.005554]
[409.525085,223.089447]
[334.577759,277.960632]
[-1.000000,-1.000000]
[-1.000000,-1.000000]
[442.103577,265.556641]
[361.971466,159.065598]
[455.165375,289.620972]
[385.447845,277.818329]
[310.982361,293.114166]
[332.962921,41.097870]
[-1.000000,-1.000000]
[572.135315,184.936600]
[244.558273,345.302521]
[411.740906,291.474457]
[441.259369,238.662613]
[-1.000000,-1.000000]
[-1.000000,-1.000000]
[428.570648,352.778015]
[-1.000000,-1.000000]
[373.916107,288.809875]
[378.840668,163.036484]
[358.827545,414.686096]
[-1.000000,-1.000000]
[311.997314,331.264771]
[478.913361,225.679504]
[-1.000000,-1.000000]
[-1.000000,-1.000000]
[266.369202,310.282776]
[356.410461,253.098038]
[159.784500,17.356693]
[-1.000000,-1.000000]
[320.114410,237.370239]
[-1.000000,-1.000000]
[-1.000000,-1.000000]
[466.044617,253.265732]
[-1.000000,-1.000000]
[426.915863,330.793732]
[459.285065,270.871338]
[-1.000000,-1.000000]
[350.391998,233.849365]
[441.258820,238.664001]
[443.350647,356.603882]
[561.838684,422.379456]
[298.624176,144.402420]
[-1.000000,-1.000000]
[297.711578,171.740845]
[-1.000000,-1.000000]
[173.287506,325.905365]
[366.670593,410.007721]
[385.387878,277.826965]
[-1.000000,-1.000000]
[-1.000000,-1.000000]
[559.256714,190.694748]
[437.667664,271.589935]
[191.539978,151.477203]
[379.650757,289.612640]
[456.839996,355.150360]
[-1.000000,-1.000000]
[-1.000000,-1.000000]
[-1.000000,-1.000000]
[456.849640,355.134521]
[292.078125,326.679993]
[475.471619,214.580429]
[393.315765,221.527618]
[-1.000000,-1.000000]
[283.492188,337.792450]
[443.347809,356.604614]
[524.772034,269.656952]
[304.471039,337.250854]
[143.073135,349.508575]
[-1.000000,-1.000000]
[299.015503,184.495651]
[-1.000000,-1.000000]
[487.791412,198.467133]
[-1.000000,-1.000000]
[426.293427,169.167328]
[306.903137,332.923004]
[357.525879,372.071564]
[479.595001,53.239780]
[-1.000000,-1.000000]
[-1.000000,-1.000000]
[387.074829,235.468903]
[382.522186,288.193726]
[361.346649,228.796494]
[450.578186,377.716370]
[361.366669,228.753189]
[525.261475,269.164185]
[431.765137,341.592987]
[270.129547,297.290710]
[452.910767,287.441132]
[377.972198,440.492828]
[343.198242,240.475403]
[419.897522,177.445877]
[-1.000000,-1.000000]
[393.319092,221.529724]
[364.077057,168.124664]
[277.138214,163.639771]
[-1.000000,-1.000000]
[473.475647,63.620686]
[361.972687,159.054245]
[366.861145,116.047585]
[305.027863,325.529022]
[419.261169,229.764664]
[-1.000000,-1.000000]
[384.817230,423.758118]
[464.488617,277.918121]
[480.912018,350.793274]
[361.479950,134.316559]
[459.418427,396.536835]
[376.392456,284.270782]
[-1.000000,-1.000000]
[-1.000000,-1.000000]
[310.984344,172.248047]
[522.360962,271.413635]
[-1.000000,-1.000000]
[383.181732,272.368347]
[423.889740,287.574249]
[478.488373,202.805923]
[129.021637,348.133148]
[-1.000000,-1.000000]
[296.121277,327.153687]
[299.016571,184.499573]
[374.700623,165.606247]
[-1.000000,-1.000000]
[340.547302,240.586899]
[560.546448,187.492508]
[301.182343,137.496246]
[385.420044,277.017548]
[-1.000000,-1.000000]
[357.272888,252.624252]
[403.804779,322.174622]
[320.114197,237.370010]
[366.857056,116.053062]
[313.260193,335.868286]
[466.077972,216.710709]
[466.041046,253.271149]
[311.084229,151.918030]
[426.506165,275.911072]
[428.385529,336.799011]
[-1.000000,-1.000000]
[413.407379,172.461044]
[-1.000000,-1.000000]
[-1.000000,-1.000000]
[419.615723,345.076569]
[-1.000000,-1.000000]
[308.768433,222.889816]
[-1.000000,-1.000000]
[-1.000000,-1.000000]
[466.020172,253.119949]
[-1.000000,-1.000000]
[243.313339,439.135590]
[299.086639,334.051208]
[487.769104,198.488983]
[143.446854,349.215637]
[-1.000000,-1.000000]
[563.552734,197.700958]
[-1.000000,-1.000000]
[358.971497,277.778809]
[375.830811,407.819214]
[329.935272,350.828674]
[339.688965,269.210785]
[311.003082,293.074402]
[327.522156,271.366943]
[409.633331,216.150925]
[380.640259,287.507355]
[361.339325,228.806931]
[429.171875,347.851257]
[281.498596,172.570847]
[471.911072,200.412949]
[406.494598,187.884857]
[328.284302,210.551407]
[487.770538,198.495361]
[-1.000000,-1.000000]
[-1.000000,-1.000000]
[479.588318,53.241676]
[-1.000000,-1.000000]
[466.033844,253.120270]
[-1.000000,-1.000000]
[-1.000000,-1.000000]
[370.295166,437.965118]
[290.587982,331.255310]
[-1.000000,-1.000000]
[-1.000000,-1.000000]
[572.125000,184.942154]
[333.219543,253.662292]
[297.683167,326.894592]
[-1.000000,-1.000000]
[297.364624,194.486816]
[473.515137,209.273956]
[272.311340,305.468994]
[-1.000000,-1.000000]
[323.413910,301.404175]
[-1.000000,-1.000000]
[456.840027,355.149994]
[-1.000000,-1.000000]
[311.812683,331.088104]
[466.077820,216.709900]
[-1.000000,-1.000000]
[-1.000000,-1.000000]
[-1.000000,-1.000000]
[416.184235,343.858459]
[-1.000000,-1.000000]
[458.937805,255.157623]
[-1.000000,-1.000000]
[-1.000000,-1.000000]
[416.669525,365.894592]
[378.547058,229.345322]
[-1.000000,-1.000000]
[249.670029,315.398132]
[396.407928,295.701233]
[-1.000000,-1.000000]
[469.062714,57.103100]
[-1.000000,-1.000000]
[385.423767,277.811462]
[427.354248,138.687180]
[279.702667,167.095398]
[292.088165,335.879608]
[-1.000000,-1.000000]
[-1.000000,-1.000000]
[457.744324,291.484985]
[-1.000000,-1.000000]
[110.456856,437.197601]
[370.878052,280.826416]
[407.264984,318.847137]
[371.006927,279.290497]
[-1.000000,-1.000000]
[419.254913,230.243011]
[373.852661,287.466278]
[-1.000000,-1.000000]
[366.669922,410.007599]
[383.087189,137.385803]
[-1.000000,-1.000000]
[-1.000000,-1.000000]
[311.158386,200.577606]
[562.090637,422.006439]
[387.885864,177.547150]
[381.788727,442.387146]
[-1.000000,-1.000000]
[-1.000000,-1.000000]
[-1.000000,-1.000000]
[-1.000000,-1.000000]
[363.408386,175.032501]
[-1.000000,-1.000000]
[419.123291,370.176056]
[414.538696,368.835144]
[299.011780,184.478851]
[-1.000000,-1.000000]
[466.085907,216.696152]
[276.370758,329.490967]
[361.326080,228.768097]
[313.682281,169.504410]
[-1.000000,-1.000000]
[311.621155,174.869308]
[310.614105,158.601624]
[188.548218,366.652191]
[-1.000000,-1.000000]
[437.376129,194.421570]
[-1.000000,-1.000000]
[323.833954,346.256287]
[-1.000000,-1.000000]
[-1.000000,-1.000000]
[381.104736,271.379272]
[487.567017,198.963531]
[-1.000000,-1.000000]
[-1.000000,-1.000000]
[361.967285,159.007614]
[-1.000000,-1.000000]
[369.104340,279.030487]
[-1.000000,-1.000000]
[-1.000000,-1.000000]
[301.854828,327.673279]
[314.836609,367.629364]
[-1.000000,-1.000000]
[385.435852,277.810303]
[-1.000000,-1.000000]
[462.732239,415.124634]
[354.156860,373.814514]
[-1.000000,-1.000000]
[-1.000000,-1.000000]
[635.359863,376.988647]
[-1.000000,-1.000000]
[-1.000000,-1.000000]
[-1.000000,-1.000000]
[321.781860,283.149109]
[-1.000000,-1.000000]
[294.535522,319.040771]
[341.021057,304.924896]
[363.407562,175.006195]
[328.100800,317.562927]
[298.807434,144.545151]
[-1.000000,-1.000000]
[277.163727,163.844772]
[-1.000000,-1.000000]
[-1.000000,-1.000000]
[-1.000000,-1.000000]
[364.188873,182.765289]
[435.589844,334.194031]
[425.243073,162.472336]
[-1.000000,-1.000000]
[277.522125,155.401901]
[-1.000000,-1.000000]
[247.225250,285.327637]
[285.706024,306.842224]
[-1.000000,-1.000000]
[159.787094,17.365555]
[-1.000000,-1.000000]
[392.713501,448.462921]
[350.929504,378.025299]
[443.322632,356.620148]
[303.794922,333.719391]
[-1.000000,-1.000000]
[-1.000000,-1.000000]
[361.472931,383.498108]
[-1.000000,-1.000000]
[152.960556,360.908691]
[434.423126,134.381042]
[-1.000000,-1.000000]
[-1.000000,-1.000000]
[-1.000000,-1.000000]
[293.213898,330.238556]
[-1.000000,-1.000000]
[272.724121,307.279022]
[298.626404,144.398209]
[-1.000000,-1.000000]
[-1.000000,-1.000000]
[-1.000000,-1.000000]
[277.139771,163.647949]
[-1.000000,-1.000000]
[446.963593,392.727325]
[-1.000000,-1.000000]
[-1.000000,-1.000000]
[320.114838,237.368179]
[298.991150,184.439194]
[-1.000000,-1.000000]
[-1.000000,-1.000000]
[291.378143,329.033966]
[-1.000000,-1.000000]
[-1.000000,-1.000000]
[-1.000000,-1.000000]
[608.665588,303.296783]
[393.313995,221.530334]
[446.968262,392.703888]
[-1.000000,-1.000000]
[120.096291,429.419708]
[-1.000000,-1.000000]
[466.017853,253.104721]
[-1.000000,-1.000000]
[353.499329,417.234802]
[-1.000000,-1.000000]
[321.867645,242.043335]
[-1.000000,-1.000000]
[360.193359,406.590088]
[402.169464,412.909637]
[-1.000000,-1.000000]
[-1.000000,-1.000000]
[441.259186,238.664612]
[-1.000000,-1.000000]
[406.666016,216.337082]
[361.690491,175.792267]
[-1.000000,-1.000000]
[-1.000000,-1.000000]
[-1.000000,-1.000000]
[343.982513,268.046814]
[341.669952,296.305603]
[-1.000000,-1.000000]
[463.196411,226.724792]
[-1.000000,-1.000000]
[-1.000000,-1.000000]
[399.179016,434.649536]
[479.597717,53.230595]
[-1.000000,-1.000000]
[414.728302,375.699524]
[305.904388,22.087801]
[511.102203,287.559174]
[393.317108,221.517883]
[319.978546,34.641994]
[-1.000000,-1.000000]
[-1.000000,-1.000000]
[378.870270,137.257217]
[396.433624,295.706665]
[-1.000000,-1.000000]
[488.132507,197.574127]
[415.297699,359.419189]
[446.964569,392.716827]
[456.839996,355.150360]
[392.293396,310.186340]
[302.384705,209.726242]
[356.334778,288.151886]
[426.422119,141.803818]
[460.010010,342.097656]
[409.052582,418.853668]
[438.622742,260.475769]
[459.625061,264.202423]
[-1.000000,-1.000000]
[-1.000000,-1.000000]
[312.151276,291.945526]
[-1.000000,-1.000000]
[299.276550,158.419128]
[-1.000000,-1.000000]
[174.022873,352.089935]
[535.596619,271.092377]
[-1.000000,-1.000000]
[441.265259,238.662186]
[-1.000000,-1.000000]
[298.993530,184.436905]
[-1.000000,-1.000000]
[-1.000000,-1.000000]
[-1.000000,-1.000000]
[480.898315,350.798828]
[-1.000000,-1.000000]
[265.131958,292.416931]
[323.417328,301.400970]
[-1.000000,-1.000000]
[-1.000000,-1.000000]
[166.076874,367.020264]
[-1.000000,-1.000000]
[-1.000000,-1.000000]
[424.966827,192.519882]
[-1.000000,-1.000000]
[268.330200,305.558075]
[-1.000000,-1.000000]
[-1.000000,-1.000000]
[381.417816,120.746422]
[414.786072,318.776764]
[389.821899,291.857635]
[403.191101,295.768463]
[-1.000000,-1.000000]
[488.091370,199.721832]
[-1.000000,-1.000000]
[-1.000000,-1.000000]
[410.232910,193.398148]
[443.309692,356.660339]
[-1.000000,-1.000000]
[-1.000000,-1.000000]
[377.763641,117.175652]
[-1.000000,-1.000000]
[-1.000000,-1.000000]
[376.671936,159.031601]
[400.097046,186.296356]
[-1.000000,-1.000000]
[-1.000000,-1.000000]
[-1.000000,-1.000000]
[-1.000000,-1.000000]
[244.555801,345.302643]
[-1.000000,-1.000000]
[332.264709,36.981041]
[-1.000000,-1.000000]
[275.901398,166.838684]
[365.414459,183.795776]
[324.107025,221.479996]
[-1.000000,-1.000000]
[-1.000000,-1.000000]
[-1.000000,-1.000000]
[429.105621,290.701660]
[-1.000000,-1.000000]
[309.125732,322.883972]
[-1.000000,-1.000000]
[-1.000000,-1.000000]
[408.082764,414.999481]
[329.467407,228.575302]
[143.177856,349.428955]
[-1.000000,-1.000000]
[413.511353,276.013702]
[376.682678,442.403412]
[383.943542,417.940460]
[466.024933,216.770950]
[-1.000000,-1.000000]
[-1.000000,-1.000000]
[-1.000000,-1.000000]
[-1.000000,-1.000000]
[-1.000000,-1.000000]
[-1.000000,-1.000000]
[-1.000000,-1.000000]
[393.317932,221.518768]
[-1.000000,-1.000000]
[381.118317,271.382599]
[479.598114,53.238213]
[-1.000000,-1.000000]
[-1.000000,-1.000000]
[373.458008,170.419327]
[-1.000000,-1.000000]
[-1.000000,-1.000000]
[-1.000000,-1.000000]
[-1.000000,-1.000000]
[-1.000000,-1.000000]
[400.633392,275.359985]
[-1.000000,-1.000000]
[455.911346,230.420685]
[-1.000000,-1.000000]
[446.610413,412.649963]
[431.388397,186.196518]
[-1.000000,-1.000000]
[319.969696,34.664452]
[-1.000000,-1.000000]
[-1.000000,-1.000000]
[-1.000000,-1.000000]
[267.074524,305.867371]
[-1.000000,-1.000000]
[244.555161,345.296844]
[-1.000000,-1.000000]
[320.540405,238.104843]
[411.341675,353.276001]
[364.746002,399.495605]
[455.646179,258.280457]
[381.124115,271.382935]
[452.392029,256.976257]
[-1.000000,-1.000000]
[-1.000000,-1.000000]
[-1.000000,-1.000000]
[-1.000000,-1.000000]
[-1.000000,-1.000000]
[477.510712,211.552231]
[-1.000000,-1.000000]
[-1.000000,-1.000000]
[-1.000000,-1.000000]
[365.321747,173.864960]
[-1.000000,-1.000000]
[-1.000000,-1.000000]
[111.898460,411.165558]
[443.359711,356.608887]
[430.909332,196.880676]
[342.412109,309.594025]
[393.318176,221.530106]
[-1.000000,-1.000000]
[631.069763,361.498138]
[372.552460,167.592926]
[358.854126,366.823669]
[-1.000000,-1.000000]
[159.884003,366.950409]
[401.724152,427.773590]
[314.952698,335.301910]
[-1.000000,-1.000000]
[-1.000000,-1.000000]
[298.810059,144.550629]
[360.795929,168.827805]
[-1.000000,-1.000000]
[276.555725,171.472702]
[-1.000000,-1.000000]
[-1.000000,-1.000000]
[244.593842,288.848633]
[-1.000000,-1.000000]
[-1.000000,-1.000000]
[608.666260,303.299072]
[572.099731,184.911697]
