[325.573212,259.488953]
[315.457184,226.173416]
[296.033386,199.640472]
[416.877808,251.123260]
[-1.000000,-1.000000]
[-1.000000,-1.000000]
[212.953644,216.254547]
[-1.000000,-1.000000]
[-1.000000,-1.000000]
[188.730286,298.242279]
[37.307919,414.130890]
[209.836823,374.462006]
[129.326233,442.329498]
[325.575775,259.487915]
[223.132797,216.987930]
[13.471336,404.140625]
[416.688171,183.530991]
[37.448017,331.040405]
[39.209297,415.096893]
[230.463821,355.233063]
[309.789215,89.130592]
[-1.000000,-1.000000]
[168.101959,154.907074]
[416.475189,257.656250]
[311.925995,308.626221]
[-1.000000,-1.000000]
[416.499939,257.726257]
[247.606049,344.153015]
[217.701019,372.847351]
[218.466827,371.891174]
[41.066261,417.545990]
[14.899916,401.650665]
[14.201243,401.303406]
[37.482086,413.533600]
[213.551544,377.664520]
[168.098053,154.911713]
[214.424713,373.774109]
[209.546677,374.808075]
[37.372375,414.261047]
[167.361130,420.149078]
[168.070526,154.941269]
[173.357529,412.701294]
[389.282196,127.428909]
[-1.000000,-1.000000]
[246.891830,345.010254]
[416.011993,182.761749]
[-1.000000,-1.000000]
[201.051346,204.411453]
[309.769318,89.121124]
[179.253448,407.935852]
[296.032867,199.641418]
[-1.000000,-1.000000]
[195.624832,396.275574]
[-1.000000,-1.000000]
[387.203369,125.563713]
[388.886841,126.968033]
[300.882202,91.791740]
[410.486145,179.399536]
[43.316574,336.266357]
[326.226318,83.833000]
[400.873474,269.858887]
[410.807373,179.524445]
[37.395042,414.129181]
[198.480042,200.808319]
[181.839798,153.593170]
[188.730682,298.244537]
[309.791168,89.130936]
[-1.000000,-1.000000]
[173.220352,413.013000]
[307.591888,86.542488]
[37.444157,331.039764]
[175.264114,411.096130]
[-1.000000,-1.000000]
[206.363937,385.065186]
[212.931610,377.967804]
[168.079681,154.934189]
[210.820572,381.225464]
[217.669983,372.786896]
[41.747292,417.068146]
[159.034988,49.538193]
[416.870605,251.115784]
[416.479248,257.662994]
[333.748322,219.999084]
[212.956894,216.258987]
[292.427124,207.221436]
[338.134888,214.910950]
[-1.000000,-1.000000]
[212.954239,216.256485]
[400.873322,269.858826]
[209.765366,201.300415]
[132.926483,356.164246]
[402.097260,251.413315]
[45.515175,337.070923]
[416.629761,183.456985]
[-1.000000,-1.000000]
[319.046570,298.256409]
[312.696198,85.155312]
[-1.000000,-1.000000]
[132.774475,356.231873]
[173.340027,412.597351]
[343.741882,262.960022]
[375.257080,278.035553]
[14.203798,401.226410]
[182.819733,156.655365]
[45.301750,336.931335]
[34.397636,414.218872]
[188.731094,298.244904]
[-1.000000,-1.000000]
[315.462677,226.178268]
[122.986122,445.098602]
[185.016922,285.772736]
[288.836823,203.010040]
[168.152130,166.395874]
[388.317108,138.815369]
[246.375198,341.976501]
[115.437569,444.249268]
[383.709839,143.371231]
[243.402130,346.810211]
[193.358749,220.530518]
[185.001099,287.903046]
[383.703918,143.332336]
[-1.000000,-1.000000]
[398.842590,253.273514]
[188.259415,306.330353]
[374.561310,125.661255]
[132.760162,356.237976]
[35.159798,414.590820]
[173.410767,412.840546]
[33.206371,414.837372]
[167.030762,167.446869]
[214.501572,215.444092]
[51.197495,410.729584]
[229.921188,215.616760]
[205.563400,203.101074]
[246.503113,341.844513]
[203.859253,179.831100]
[207.794159,202.269867]
[42.142471,336.047577]
[210.498749,381.484375]
[296.286102,96.478012]
[-1.000000,-1.000000]
[365.434296,131.747314]
[182.022461,310.695404]
[42.802032,336.443420]
[188.093445,305.557037]
[331.493805,243.874222]
[35.494614,403.223694]
[44.956116,337.467163]
[209.772171,374.532623]
[183.822662,286.011749]
[210.377014,381.800934]
[301.012115,91.728294]
[313.302521,107.946419]
[403.242310,269.901428]
[302.960449,213.398117]
[285.123657,213.897690]
[413.774811,196.398621]
[228.799667,354.066498]
[319.085327,298.200195]
[230.140549,217.322342]
[183.258987,308.968903]
[14.976921,401.589569]
[401.356018,270.694366]
[311.198578,305.714691]
[313.071777,108.139946]
[311.822327,108.100037]
[296.588135,94.815224]
[45.497524,337.035706]
[319.065338,298.134155]
[300.880554,91.801552]
[343.705414,262.965851]
[228.167404,219.100174]
[338.517212,247.794647]
[229.959747,212.816269]
[215.497345,371.153107]
[307.591888,86.542488]
[291.089996,208.642761]
[229.127335,218.141678]
[83.681656,349.525940]
[230.153122,214.715469]
[-1.000000,-1.000000]
[410.484741,174.468597]
[416.691895,183.538391]
[410.869507,174.556213]
[132.030304,430.457550]
[326.180969,83.590721]
[170.667984,151.852158]
[42.850510,335.862946]
[180.075653,240.222336]
[126.705254,443.061768]
[227.114517,355.902039]
[37.372665,416.901276]
[40.257561,415.738861]
[294.613922,204.531616]
[42.933609,336.154449]
[384.439423,143.500885]
[182.380966,310.895416]
[289.146851,189.637482]
[229.862198,212.894089]
[314.669464,208.954773]
[388.474548,275.745422]
[322.242584,212.722580]
[401.038544,270.074799]
[326.029785,215.195084]
[300.876923,91.840492]
[335.910309,248.557678]
[34.139084,414.152802]
[288.986359,185.065155]
[42.839523,335.726868]
[335.916534,248.627228]
[211.014694,202.499146]
[287.343994,186.113693]
[-1.000000,-1.000000]
[407.200165,202.749710]
[-1.000000,-1.000000]
[182.820755,310.836487]
[179.467987,407.801147]
[228.991028,218.224243]
[-1.000000,-1.000000]
[223.135605,216.989532]
[246.382553,341.976501]
[34.118523,414.126434]
[41.929821,336.434021]
[338.872711,217.943588]
[246.103638,341.299744]
[325.574829,259.488953]
[45.509331,337.061218]
[367.976562,130.422974]
[36.049950,398.755890]
[-1.000000,-1.000000]
[321.613556,212.800262]
[-1.000000,-1.000000]
[283.094543,186.313583]
[-1.000000,-1.000000]
[406.615051,267.937256]
[403.166321,182.515732]
[-1.000000,-1.000000]
[367.792206,130.482620]
[167.541397,154.564178]
[307.576508,86.568687]
[168.072815,154.939728]
[183.031418,241.783478]
[212.955734,216.257858]
[211.004379,202.433502]
[212.953476,216.254562]
[372.644379,126.464378]
[400.873322,269.858826]
[321.022186,215.131653]
[416.871155,251.123581]
[281.106476,208.861526]
[338.823151,248.095718]
[-1.000000,-1.000000]
[299.744446,189.507797]
[193.476166,164.773102]
[383.883850,143.343079]
[405.461670,170.413574]
[337.444061,248.445511]
[315.460938,226.175980]
[413.328156,197.019638]
[396.157257,272.504974]
[315.604706,101.983231]
[212.956284,216.258835]
[403.254669,269.638977]
[-1.000000,-1.000000]
[339.050323,250.453903]
[401.552490,271.235229]
[311.205841,99.759315]
[25.591309,333.408447]
[180.072556,312.713104]
[-1.000000,-1.000000]
[335.910889,248.560410]
[365.969849,131.440125]
[223.135605,216.989532]
[416.797974,198.667572]
[223.769867,231.336700]
[41.030231,408.955139]
[246.491074,341.848877]
[182.602859,311.078217]
[400.868805,269.858337]
[185.182327,293.494415]
[122.999969,445.319794]
[180.069595,240.217316]
[195.717316,162.047836]
[336.171204,249.804581]
[26.782124,398.214233]
[325.577637,259.489380]
[115.801918,437.188782]
[229.918762,215.578552]
[188.730942,298.244507]
[296.037384,199.640854]
[-1.000000,-1.000000]
[246.375580,341.976471]
[62.825455,343.150360]
[223.135559,216.989914]
[122.989868,445.321808]
[357.849030,177.745514]
[212.956543,216.256134]
[419.221252,185.849182]
[25.602947,333.400604]
[36.279312,330.926758]
[246.490494,341.845581]
[-1.000000,-1.000000]
[246.484940,341.850250]
[405.563171,269.744141]
[120.296448,436.542786]
[315.448242,226.167328]
[325.576172,259.486084]
[197.595001,394.055176]
[300.228516,192.313766]
[313.654541,107.911850]
[37.189453,405.845612]
[312.357849,108.487915]
[235.577133,274.875671]
[246.369553,341.976044]
[35.213161,414.231812]
[210.431503,381.649353]
[182.380814,310.895477]
[293.469086,205.969040]
[132.966949,356.145630]
[-1.000000,-1.000000]
[367.816681,130.371002]
[288.535248,214.859406]
[337.594269,246.633652]
[36.388077,401.948273]
[22.969131,367.271729]
[414.805542,258.948608]
[36.285843,330.930725]
[374.396881,136.557892]
[44.895782,336.476868]
[111.821404,440.697449]
[328.330872,291.234222]
[229.421936,355.924835]
[176.440247,141.610107]
[200.975662,204.706314]
[339.601685,253.113434]
[36.489815,399.081055]
[383.710999,143.358627]
[338.400513,257.917908]
[36.749107,399.643158]
[179.624771,240.205139]
[-1.000000,-1.000000]
[229.958908,212.816376]
[185.563889,295.442352]
[153.113770,340.910980]
[46.666504,408.419098]
[414.415527,178.093201]
[323.219086,212.018997]
[134.753372,445.095947]
[305.957062,290.024384]
[328.216431,215.783432]
[418.985626,194.679520]
[201.334610,203.931992]
[233.355331,355.276917]
[11.226421,346.368317]
[400.873322,269.858826]
[210.533096,200.780411]
[339.474304,216.915405]
[5.832554,356.895050]
[312.024658,108.604057]
[383.710266,143.370667]
[168.947510,155.841064]
[314.454987,107.794250]
[384.160004,143.246567]
[312.314209,304.629669]
[207.855881,385.329224]
[122.982605,445.097351]
[192.897949,205.893509]
[270.766418,197.502396]
[178.509140,315.195618]
[409.414978,175.191589]
[405.114471,179.832626]
[37.380402,414.198273]
[41.391075,409.887878]
[198.268250,382.309296]
[204.054886,221.803925]
[283.933380,186.859711]
[400.856384,269.835327]
[407.080505,202.589737]
[255.880341,305.604431]
[246.506577,341.838165]
[239.716751,341.656342]
[338.822235,248.102875]
[40.676880,416.184479]
[335.874603,247.350876]
[191.259720,225.947525]
[410.872253,174.554871]
[206.576706,385.011871]
[408.876434,179.052658]
[305.156952,222.923584]
[36.023731,348.934326]
[40.670258,347.047852]
[338.314941,248.682175]
[39.916367,417.286987]
[-1.000000,-1.000000]
[238.015305,197.576843]
[335.123596,233.761322]
[272.010132,317.144623]
[-1.000000,-1.000000]
[296.031708,199.641266]
[383.712708,143.370438]
[122.982368,445.318298]
[168.101776,154.907471]
[129.797012,442.255157]
[169.367554,411.307587]
[168.572906,325.749908]
[401.414429,271.966522]
[383.711945,143.370651]
[116.628815,437.990326]
[70.622177,360.387604]
[330.614075,83.493057]
[37.444157,331.039764]
[322.393341,212.515030]
[338.295135,249.146774]
[-1.000000,-1.000000]
[198.550247,291.199585]
[45.446892,337.016327]
[-1.000000,-1.000000]
[246.347137,343.076355]
[309.794312,89.131149]
[229.409790,213.173859]
[124.050163,433.609344]
[383.710876,143.323639]
[190.594589,196.983261]
[257.916992,334.014496]
[210.319382,381.865875]
[231.691589,355.036194]
[-1.000000,-1.000000]
[213.499527,377.693481]
[188.733322,298.242340]
[31.177910,390.254150]
[322.862762,211.143372]
[213.470734,377.715637]
[229.904556,215.612640]
[315.462128,226.177643]
[17.615007,339.455658]
[171.846008,153.313293]
[-1.000000,-1.000000]
[222.844086,354.036743]
[37.010735,405.232849]
[37.051357,405.276947]
[229.031967,354.002075]
[228.895966,354.016357]
[173.290085,413.020813]
[168.072266,154.939697]
[188.730286,298.242279]
[188.729095,298.239319]
[-1.000000,-1.000000]
[343.734802,262.960449]
[26.890907,398.371887]
[173.174469,413.174683]
[306.488159,107.346680]
[122.803497,432.179016]
[194.341888,209.768402]
[-1.000000,-1.000000]
[40.351257,407.185150]
[36.458481,402.608795]
[-1.000000,-1.000000]
[-1.000000,-1.000000]
[42.906067,335.996643]
[209.505859,374.833221]
[-1.000000,-1.000000]
[-1.000000,-1.000000]
[123.623253,431.397125]
[223.135727,216.988861]
[14.639757,392.254761]
[41.364372,411.426697]
[199.296158,384.237579]
[45.446320,337.015900]
[183.192734,310.231537]
[-1.000000,-1.000000]
[271.720184,183.923431]
[133.256805,430.608734]
[-1.000000,-1.000000]
[296.284485,202.524887]
[365.969849,131.440125]
[20.618584,348.599915]
[401.071899,251.078644]
[22.949903,367.699768]
[7.825918,354.085663]
[337.042847,168.641693]
[307.580292,86.574341]
[224.880234,355.153168]
[329.187653,82.815155]
[-1.000000,-1.000000]
[232.810745,223.493515]
[168.700928,416.505585]
[215.766937,327.824890]
[213.819412,377.397461]
[212.209000,377.806793]
[320.074341,106.242043]
[-1.000000,-1.000000]
[-1.000000,-1.000000]
[-1.000000,-1.000000]
[-1.000000,-1.000000]
[-1.000000,-1.000000]
[-1.000000,-1.000000]
[-1.000000,-1.000000]
[40.499107,347.433136]
[-1.000000,-1.000000]
[-1.000000,-1.000000]
[-1.000000,-1.000000]
[153.173660,340.884277]
[-1.000000,-1.000000]
[212.957291,216.257355]
[203.858337,210.554947]
[341.816376,284.855774]
[327.647552,275.121613]
[-1.000000,-1.000000]
[387.505219,204.847778]
[400.465546,270.879822]
[223.132812,216.988190]
[325.574799,259.486877]
[300.873138,91.821434]
[341.942902,176.597366]
[350.302887,273.852112]
[-1.000000,-1.000000]
[21.861927,360.465332]
[-1.000000,-1.000000]
[35.343559,399.157654]
[207.845657,227.583801]
[245.527802,323.522156]
[295.459015,203.507202]
[35.845772,351.346069]
[188.730148,298.243958]
[186.809128,326.719849]
[416.870667,251.114853]
[401.933289,194.339828]
[303.028748,107.361374]
[326.645660,209.612625]
[300.902252,91.845505]
[191.691360,158.958359]
[188.400085,238.970215]
[314.502228,107.785728]
[-1.000000,-1.000000]
[47.196468,409.496399]
[35.492046,416.083679]
[193.401825,214.021713]
[-1.000000,-1.000000]
[-1.000000,-1.000000]
[271.605408,210.132172]
[-1.000000,-1.000000]
[41.754036,409.415039]
[-1.000000,-1.000000]
[386.757507,202.881943]
[-1.000000,-1.000000]
[-1.000000,-1.000000]
[203.406113,393.938171]
[267.723358,313.404327]
[-1.000000,-1.000000]
[-1.000000,-1.000000]
[182.626266,310.317169]
[332.146179,287.940918]
[399.343903,270.101868]
[111.795921,436.087097]
[245.421600,338.009247]
[-1.000000,-1.000000]
[-1.000000,-1.000000]
[197.589218,399.996277]
[-1.000000,-1.000000]
[-1.000000,-1.000000]
[320.571472,106.868835]
[-1.000000,-1.000000]
[-1.000000,-1.000000]
[-1.000000,-1.000000]
[-1.000000,-1.000000]
[-1.000000,-1.000000]
[-1.000000,-1.000000]
[-1.000000,-1.000000]
[-1.000000,-1.000000]
[-1.000000,-1.000000]
[-1.000000,-1.000000]
[-1.000000,-1.000000]
[300.917572,91.828224]
[-1.000000,-1.000000]
[36.274078,330.930878]
[-1.000000,-1.000000]
[-1.000000,-1.000000]
[209.554062,374.786926]
[30.195436,357.229065]
[-1.000000,-1.000000]
[-1.000000,-1.000000]
[-1.000000,-1.000000]
[-1.000000,-1.000000]
[305.680878,166.958557]
[-1.000000,-1.000000]
[-1.000000,-1.000000]
[-1.000000,-1.000000]
[-1.000000,-1.000000]
[-1.000000,-1.000000]
[-1.000000,-1.000000]
[-1.000000,-1.000000]
[181.893326,173.379196]
[416.497192,257.715729]
[-1.000000,-1.000000]
[-1.000000,-1.000000]
[-1.000000,-1.000000]
[-1.000000,-1.000000]
[-1.000000,-1.000000]
[-1.000000,-1.000000]
[39.725262,344.205322]
[45.450905,337.018463]
[-1.000000,-1.000000]
[-1.000000,-1.000000]
[309.775330,89.123611]
[-1.000000,-1.000000]
[383.712341,143.370834]
[-1.000000,-1.000000]
[254.073868,269.351013]
[215.711243,327.840485]
[5.809408,356.934753]
[-1.000000,-1.000000]
[175.091278,401.652130]
[-1.000000,-1.000000]
[-1.000000,-1.000000]
[300.222687,288.661499]
[48.897205,408.472626]
[-1.000000,-1.000000]
[23.088623,369.567566]
[199.291351,384.309937]
[-1.000000,-1.000000]
[180.614319,240.484039]
[36.574890,349.315063]
[-1.000000,-1.000000]
[71.470901,359.443329]
[26.787937,390.604706]
[-1.000000,-1.000000]
[-1.000000,-1.000000]
[-1.000000,-1.000000]
[-1.000000,-1.000000]
[-1.000000,-1.000000]
[212.968887,374.335052]
[333.532013,243.662735]
[-1.000000,-1.000000]
[-1.000000,-1.000000]
[299.048126,199.080215]
[302.328125,188.333313]
[331.968384,238.224396]
[-1.000000,-1.000000]
[35.333801,414.764496]
[-1.000000,-1.000000]
[-1.000000,-1.000000]
[248.632706,321.599731]
[-1.000000,-1.000000]
[-1.000000,-1.000000]
[-1.000000,-1.000000]
[-1.000000,-1.000000]
[227.527802,332.149536]
[-1.000000,-1.000000]
[298.516052,190.324844]
[40.636448,394.440674]
[-1.000000,-1.000000]
[-1.000000,-1.000000]
[-1.000000,-1.000000]
[309.773010,89.121719]
[-1.000000,-1.000000]
[-1.000000,-1.000000]
[-1.000000,-1.000000]
[250.946793,337.003052]
[178.768280,171.965286]
[-1.000000,-1.000000]
[-1.000000,-1.000000]
[-1.000000,-1.000000]
[185.178284,293.380676]
[-1.000000,-1.000000]
[326.077271,100.025909]
[182.705429,159.764786]
[-1.000000,-1.000000]
[-1.000000,-1.000000]
[-1.000000,-1.000000]
[-1.000000,-1.000000]
[319.068848,298.130951]
[-1.000000,-1.000000]
[-1.000000,-1.000000]
[307.571381,86.579659]
[37.444469,331.039062]
[173.463135,412.820251]
[-1.000000,-1.000000]
[5.832073,356.901062]
[-1.000000,-1.000000]
[-1.000000,-1.000000]
[-1.000000,-1.000000]
[-1.000000,-1.000000]
[-1.000000,-1.000000]
[-1.000000,-1.000000]
[-1.000000,-1.000000]
[-1.000000,-1.000000]
[390.745300,204.786636]
[172.725250,163.909317]
[-1.000000,-1.000000]
[162.977005,336.863770]
[22.859274,368.460663]
[-1.000000,-1.000000]
[195.574158,396.137207]
[114.140427,432.095001]
[323.863220,239.943390]
[335.937286,248.693039]
[-1.000000,-1.000000]
[-1.000000,-1.000000]
[-1.000000,-1.000000]
[304.340546,77.697990]
[-1.000000,-1.000000]
[-1.000000,-1.000000]
[-1.000000,-1.000000]
[26.836218,398.283203]
[215.760422,327.830536]
[-1.000000,-1.000000]
[262.372925,223.919296]
[-1.000000,-1.000000]
[288.755524,214.834579]
[188.369965,307.078552]
[411.145508,194.259781]
[-1.000000,-1.000000]
[-1.000000,-1.000000]
[-1.000000,-1.000000]
[-1.000000,-1.000000]
[-1.000000,-1.000000]
[-1.000000,-1.000000]
[161.331696,334.593018]
[416.496063,257.715973]
[174.393158,144.032089]
[-1.000000,-1.000000]
[26.748363,397.459351]
[415.299408,260.195618]
[22.155453,344.767548]
[-1.000000,-1.000000]
[-1.000000,-1.000000]
[258.563477,305.809540]
[300.885559,91.858215]
[-1.000000,-1.000000]
[199.238144,383.246826]
[-1.000000,-1.000000]
[292.482269,207.177841]
[222.358597,318.102386]
[180.601013,408.372284]
[396.965088,271.660980]
[11.230633,346.363129]
[-1.000000,-1.000000]
[319.072357,298.132935]
[403.632263,266.594879]
[41.154335,409.425385]
[153.108063,340.913696]
[293.469086,205.969040]
[-1.000000,-1.000000]
[-1.000000,-1.000000]
[-1.000000,-1.000000]
[-1.000000,-1.000000]
[-1.000000,-1.000000]
[-1.000000,-1.000000]
[-1.000000,-1.000000]
[-1.000000,-1.000000]
[-1.000000,-1.000000]
[273.213013,317.708801]
[400.502167,270.682495]
[326.351593,84.072632]
[-1.000000,-1.000000]
[-1.000000,-1.000000]
[-1.000000,-1.000000]
[-1.000000,-1.000000]
[27.980141,362.861572]
[233.451080,224.135849]
[-1.000000,-1.000000]
[39.183609,415.235962]
[336.947571,229.921082]
[-1.000000,-1.000000]
[224.785934,354.635315]
[-1.000000,-1.000000]
[167.682434,411.074249]
[415.715363,272.391663]
[-1.000000,-1.000000]
[-1.000000,-1.000000]
[40.406540,345.520782]
[338.736511,216.466461]
[215.713120,327.838470]
[410.244049,174.378799]
[175.219376,411.127106]
[38.805511,349.209167]
[215.711533,327.839111]
[-1.000000,-1.000000]
[36.307716,330.925140]
[169.837692,331.431091]
[330.491913,220.503616]
[-1.000000,-1.000000]
[373.927673,140.802765]
[-1.000000,-1.000000]
[-1.000000,-1.000000]
[315.463867,226.178711]
[-1.000000,-1.000000]
[45.457394,337.016968]
[288.651031,214.835693]
[-1.000000,-1.000000]
[-1.000000,-1.000000]
[33.594196,341.334747]
[210.270447,375.608612]
[204.287567,213.234528]
[173.457336,412.973846]
[-1.000000,-1.000000]
[203.468323,307.730988]
[327.600403,290.369904]
[229.288391,222.100235]
[388.155396,202.951553]
[405.546539,194.593185]
[-1.000000,-1.000000]
[-1.000000,-1.000000]
[-1.000000,-1.000000]
[-1.000000,-1.000000]
[-1.000000,-1.000000]
[-1.000000,-1.000000]
[127.076263,431.818176]
[343.580139,223.872040]
[-1.000000,-1.000000]
[-1.000000,-1.000000]
[246.371780,341.973755]
[199.461578,221.705322]
[22.816448,369.705078]
[37.444450,331.038513]
[300.883728,91.789352]
[-1.000000,-1.000000]
[288.690918,214.835526]
[-1.000000,-1.000000]
[-1.000000,-1.000000]
[296.037476,199.641022]
[-1.000000,-1.000000]
[300.880554,91.801552]
[184.444031,286.054474]
[-1.000000,-1.000000]
[210.986847,202.276947]
[-1.000000,-1.000000]
[190.711823,285.785767]
[-1.000000,-1.000000]
[-1.000000,-1.000000]
[-1.000000,-1.000000]
[296.973938,282.965271]
[205.052200,342.324646]
[209.394257,226.475250]
[254.754608,256.546570]
[45.107002,336.783051]
[191.870956,214.367752]
[-1.000000,-1.000000]
[-1.000000,-1.000000]
[186.640228,196.018539]
[225.514801,229.305832]
[204.807419,221.543961]
[20.496443,361.158295]
[-1.000000,-1.000000]
[262.568359,309.281830]
[-1.000000,-1.000000]
[271.450653,178.867249]
[11.220796,346.377197]
[40.656738,345.503204]
[367.888916,130.407562]
[215.708008,327.839783]
[35.649849,413.536438]
[162.544937,337.262543]
[130.669662,433.593445]
[210.220001,366.758057]
[-1.000000,-1.000000]
[22.853666,370.282959]
[136.102722,369.621490]
[185.228500,293.969513]
[383.712189,143.371216]
[-1.000000,-1.000000]
[-1.000000,-1.000000]
[171.306473,413.074860]
[-1.000000,-1.000000]
[51.181129,410.724640]
[384.437164,143.477600]
[231.051208,338.036316]
[-1.000000,-1.000000]
[21.660439,360.441772]
[204.120621,342.705109]
[235.634888,274.195190]
[375.249390,139.407700]
[-1.000000,-1.000000]
[-1.000000,-1.000000]
[254.279297,297.928314]
[349.819794,273.673767]
[343.734131,262.962341]
[-1.000000,-1.000000]
[316.600800,101.193550]
[40.470070,410.942902]
[224.405640,354.416992]
[225.767593,356.146240]
[-1.000000,-1.000000]
[-1.000000,-1.000000]
[126.303116,446.179047]
[196.902359,284.586792]
[341.521149,223.611984]
[40.600739,346.984497]
[336.660461,248.003189]
[296.036621,199.641800]
[30.974552,344.991089]
[312.573517,214.686951]
[29.219936,362.313995]
[222.776535,354.536591]
[409.153107,199.433746]
[190.246414,197.660431]
[309.697723,89.140274]
[-1.000000,-1.000000]
[-1.000000,-1.000000]
[-1.000000,-1.000000]
[-1.000000,-1.000000]
[156.639252,354.489685]
[135.470428,445.103577]
[-1.000000,-1.000000]
[-1.000000,-1.000000]
[5.792540,356.893066]
[185.558350,413.707306]
[5.809688,356.933044]
[223.131470,216.987427]
[190.394318,319.851685]
[15.148514,400.561584]
[259.935181,239.552521]
[269.342468,197.844696]
[-1.000000,-1.000000]
[215.321350,217.784607]
[-1.000000,-1.000000]
[-1.000000,-1.000000]
[416.880585,251.119217]
[222.348419,343.593384]
[15.179610,397.286865]
[-1.000000,-1.000000]
[274.278137,188.181976]
[192.374786,239.492569]
[214.315918,231.283279]
[-1.000000,-1.000000]
[256.675232,293.273071]
[203.678818,203.509918]
[317.741699,209.414459]
[-1.000000,-1.000000]
[175.377167,318.531372]
[410.477386,174.461533]
[192.193314,326.914764]
[37.154251,417.332916]
[213.930542,377.286469]
[22.953287,367.794586]
[211.963806,231.424774]
[416.878815,251.115799]
[244.320847,345.858398]
[235.669891,274.243835]
[-1.000000,-1.000000]
[388.761017,206.765503]
[184.603592,163.986893]
[398.054840,266.307220]
[220.297684,232.197968]
[330.628174,240.213058]
[119.198723,434.265106]
[329.757050,237.437927]
[15.506833,396.379547]
[228.868240,234.378448]
[192.882339,201.488937]
[225.188736,335.445984]
[251.951965,260.257446]
[14.201233,401.323914]
[284.214600,214.208755]
[279.237823,187.235596]
[330.524292,277.176178]
[-1.000000,-1.000000]
[241.037964,270.532593]
[229.862152,212.891479]
[396.354919,264.390869]
[32.223076,403.048584]
[201.647797,212.905975]
[215.316574,227.737427]
[-1.000000,-1.000000]
[271.402374,314.652100]
[40.434441,344.641876]
[250.613663,243.792297]
[209.145065,306.682251]
[-1.000000,-1.000000]
[187.855087,314.067078]
[133.114853,432.160217]
[185.096085,311.766327]
[87.337975,419.556885]
[243.895081,290.777832]
[-1.000000,-1.000000]
[-1.000000,-1.000000]
[330.162537,240.125961]
[31.193521,399.862976]
[-1.000000,-1.000000]
[-1.000000,-1.000000]
[-1.000000,-1.000000]
[14.785800,401.567505]
[188.731430,298.241821]
[249.413574,282.719269]
[377.156464,142.608154]
[153.195984,340.963470]
[254.268356,261.510864]
[226.057785,297.634460]
[245.632645,290.671326]
[410.910370,174.559433]
[-1.000000,-1.000000]
[232.151031,283.773041]
[191.988373,320.283691]
[-1.000000,-1.000000]
[-1.000000,-1.000000]
[39.784554,345.285156]
[-1.000000,-1.000000]
[342.476105,223.805847]
[-1.000000,-1.000000]
[119.415596,372.717438]
