[341.432800,216.164978]
[268.609985,137.084564]
[158.950439,156.159500]
[353.532227,6.360909]
[301.495636,31.742846]
[323.086761,19.886206]
[306.775757,285.071411]
[291.000000,29.000000]
[370.000000,11.000000]
[320.268951,20.735741]
[323.000000,10.000000]
[318.311432,43.351673]
[306.678101,7.528584]
[342.933105,16.294878]
[307.043243,31.715006]
[277.000000,18.000000]
[306.677826,7.527482]
[375.000000,7.000000]
[323.002930,19.866987]
[309.191162,77.078674]
[302.056610,31.578770]
[329.191254,253.812057]
[364.000000,10.000000]
[329.228790,253.596497]
[306.662109,7.420030]
[353.470764,6.348568]
[371.000000,3.000000]
[306.679230,7.532689]
[342.923035,16.245729]
[393.000000,2.000000]
[342.977844,16.297022]
[323.265198,19.911549]
[344.308014,202.977768]
[286.000000,33.000000]
[306.678436,7.529812]
[71.545341,256.914856]
[344.302277,202.971954]
[480.101654,175.462906]
[476.489136,164.828995]
[306.676086,7.520775]
[362.043640,386.363251]
[26.790586,252.538101]
[320.000000,5.000000]
[26.795570,252.531677]
[70.904686,256.849274]
[307.044037,31.715666]
[270.176483,317.037872]
[45.048309,254.711517]
[296.378418,96.670532]
[55.000000,255.000000]
[341.432800,216.174332]
[478.745605,265.349304]
[237.483093,23.739859]
[323.227509,19.907764]
[313.721405,68.170494]
[274.604034,4.373605]
[357.000000,26.000000]
[384.000000,3.000000]
[440.622711,327.473297]
[166.251450,275.108887]
[302.136627,153.074173]
[362.042694,386.364502]
[318.311401,43.351196]
[434.111816,343.044098]
[342.946777,15.718784]
[383.000000,10.000000]
[476.491730,164.832733]
[440.367462,326.828186]
[306.772614,285.069000]
[345.000000,270.000000]
[440.368958,326.830841]
[337.000000,6.000000]
[347.000000,390.000000]
[258.147125,9.179955]
[297.091034,96.054199]
[223.340363,302.834290]
[322.278503,20.594858]
[480.084412,172.188675]
[289.000000,37.000000]
[382.000000,17.000000]
[301.983673,153.017944]
[309.443085,76.371719]
[269.000000,45.000000]
[445.978485,21.486841]
[360.000000,374.000000]
[223.985748,100.416321]
[426.018188,155.834000]
[270.525696,35.788990]
[241.881516,308.293671]
[395.691895,231.110474]
[479.692444,280.028168]
[329.191589,253.809235]
[274.000000,29.000000]
[369.693451,31.388943]
[307.051086,31.721453]
[423.000000,343.000000]
[472.485046,287.150543]
[227.498489,98.511429]
[263.763733,71.747566]
[314.000000,156.000000]
[440.949249,328.410217]
[379.405334,262.030884]
[26.787907,252.539581]
[247.871078,87.098854]
[268.609711,137.084152]
[480.100067,175.467392]
[444.521484,248.158173]
[357.000000,20.000000]
[369.693665,31.384859]
[337.738800,159.992508]
[237.475861,23.709795]
[188.000000,288.000000]
[369.766876,225.341125]
[171.967880,278.454926]
[97.863770,256.296844]
[219.263184,103.089096]
[444.525299,248.159271]
[382.047302,290.722473]
[265.000000,17.000000]
[158.953247,156.159790]
[427.022858,275.007874]
[462.000000,157.000000]
[322.265564,328.106140]
[478.528625,264.982025]
[270.185089,317.041321]
[274.000000,148.000000]
[318.000000,57.000000]
[228.000000,6.000000]
[288.000000,148.000000]
[282.000000,151.000000]
[172.016449,278.478363]
[200.369858,293.669586]
[365.621094,83.271919]
[124.545967,156.537369]
[255.000000,312.000000]
[255.171082,7.447619]
[369.773193,225.342865]
[461.000000,256.000000]
[372.847382,284.286194]
[356.000000,221.000000]
[373.669617,158.047653]
[355.000000,274.000000]
[381.348083,290.278717]
[224.430038,221.329666]
[348.000000,307.000000]
[303.000000,299.000000]
[318.311584,43.353886]
[14.907473,140.905685]
[458.000000,284.000000]
[275.000000,227.000000]
[132.000000,257.000000]
[361.798492,256.931854]
[301.386414,31.772850]
[306.775818,285.072144]
[270.000000,59.000000]
[362.048981,386.355804]
[285.000000,14.000000]
[361.776123,256.921234]
[6.122512,138.400436]
[440.000000,156.000000]
[295.412994,177.554214]
[341.654846,39.641594]
[338.834625,349.617096]
[341.000000,252.000000]
[370.089142,195.718979]
[195.000000,291.000000]
[330.867310,296.748901]
[463.000000,185.000000]
[446.978271,186.569199]
[444.481506,155.639511]
[293.000000,17.000000]
[85.000000,258.000000]
[256.395905,80.125549]
[409.173553,189.344635]
[402.521423,302.580719]
[293.453003,225.833618]
[384.000000,227.000000]
[8.121680,248.594803]
[322.264313,328.100372]
[247.871185,87.098778]
[318.311584,43.357117]
[409.223694,189.337234]
[65.910492,151.687256]
[373.669678,158.047638]
[242.016602,308.333832]
[432.000000,244.000000]
[295.418304,177.520065]
[219.264099,103.088715]
[384.106812,324.966583]
[445.034027,280.181946]
[337.732910,159.999405]
[395.265076,230.929153]
[322.000000,158.000000]
[198.993210,120.354591]
[223.270691,302.817505]
[255.184097,7.451524]
[478.782776,265.409424]
[322.260529,328.081207]
[25.000000,143.000000]
[259.267212,232.518524]
[413.000000,340.000000]
[382.049408,290.723785]
[398.561310,231.992844]
[146.166183,259.622162]
[307.045380,31.716764]
[255.612045,35.624367]
[282.000000,49.000000]
[402.605804,302.625183]
[378.000000,263.000000]
[296.383392,96.665565]
[52.872074,149.625519]
[348.980408,99.980408]
[187.506271,247.188660]
[358.000000,161.000000]
[357.000000,298.000000]
[223.340561,302.834320]
[421.600616,314.357574]
[303.000000,304.000000]
[362.647919,313.911316]
[269.492981,252.241302]
[307.000000,91.000000]
[52.873745,149.626236]
[6.138557,138.401184]
[400.000000,334.000000]
[446.467621,186.648315]
[375.096680,320.125641]
[18.868164,141.875977]
[402.533905,302.587280]
[377.945374,157.244293]
[373.127289,194.914719]
[409.955780,156.028366]
[270.000000,122.000000]
[11.311850,248.694565]
[381.169250,156.617966]
[318.526825,365.931946]
[284.000000,95.000000]
[264.000000,54.000000]
[276.083862,87.228676]
[377.718781,157.276260]
[368.000000,20.000000]
[330.864227,296.747284]
[283.000000,226.000000]
[384.000000,176.000000]
[349.000000,254.000000]
[214.000000,287.000000]
[416.740204,238.700775]
[371.627258,283.404846]
[408.230408,235.328537]
[265.000000,150.000000]
[457.000000,157.000000]
[358.000000,198.000000]
[249.000000,297.000000]
[263.764984,71.746292]
[361.774841,256.920715]
[393.000000,178.000000]
[427.000000,187.000000]
[309.439575,76.373245]
[398.000000,250.000000]
[263.741852,71.771980]
[416.739471,238.700485]
[312.922455,359.887146]
[263.744751,71.768501]
[402.606781,302.625702]
[396.000000,192.000000]
[97.876564,256.298340]
[268.611023,137.078201]
[428.000000,241.000000]
[340.000000,231.000000]
[357.000000,370.000000]
[33.000000,146.000000]
[410.341522,270.077911]
[184.000000,132.000000]
[276.000000,122.000000]
[393.399506,154.904541]
[254.000000,135.000000]
[296.167236,341.716614]
[171.109634,277.940857]
[250.579880,85.116348]
[302.148346,153.078186]
[426.979340,274.985443]
[366.162292,224.131592]
[153.255386,170.301895]
[269.495300,252.233292]
[362.625092,313.905731]
[146.164658,259.621307]
[341.000000,387.000000]
[276.103607,87.201820]
[162.195663,273.243530]
[427.000000,170.000000]
[208.000000,215.000000]
[407.547729,269.258484]
[284.000000,105.000000]
[265.000000,296.000000]
[65.909515,151.687500]
[244.658173,167.216461]
[384.069031,324.944702]
[329.191956,253.806122]
[289.000000,107.000000]
[312.000000,315.000000]
[294.006287,225.749283]
[280.000000,98.000000]
[373.144897,194.910507]
[301.937988,31.593391]
[118.000000,256.000000]
[410.337555,270.077118]
[402.531128,302.585815]
[397.000000,181.000000]
[255.516556,281.291107]
[318.495880,365.889038]
[244.000000,40.000000]
[73.000000,243.000000]
[388.000000,243.000000]
[338.781464,349.573944]
[274.602600,4.374560]
[322.264252,328.100006]
[469.000000,183.000000]
[293.476929,225.816650]
[370.668823,51.242378]
[158.949753,156.164413]
[187.601151,247.208374]
[379.237854,322.486084]
[433.737610,343.248230]
[338.834564,349.617065]
[22.000000,238.000000]
[224.441986,221.325974]
[374.000000,168.000000]
[322.261810,328.088989]
[243.000000,108.000000]
[281.365540,281.006042]
[231.583588,144.659607]
[328.000000,352.000000]
[12.000000,236.000000]
[267.000000,127.000000]
[223.216339,166.017044]
[237.000000,128.000000]
[270.224487,317.057434]
[444.420624,155.637421]
[171.109650,277.940735]
[306.000000,217.000000]
[57.000000,242.000000]
[429.000000,181.000000]
[202.000000,273.000000]
[295.412506,177.558823]
[166.000000,233.000000]
[34.000000,240.000000]
[78.638817,153.382294]
[230.000000,207.000000]
[309.000000,333.000000]
[270.179047,317.038757]
[251.263062,237.464264]
[341.432373,216.173965]
[311.575378,210.838577]
[209.000000,111.000000]
[244.658066,167.215347]
[190.000000,270.000000]
[296.167694,341.718384]
[2.520136,197.863876]
[171.976761,278.460144]
[449.000000,268.000000]
[172.000000,142.000000]
[40.000000,162.000000]
[218.217453,271.907928]
[226.586853,123.478722]
[110.763420,155.881561]
[260.000000,309.000000]
[276.000000,114.000000]
[328.331207,376.036041]
[187.521332,247.191391]
[327.000000,179.000000]
[305.000000,164.000000]
[276.076965,87.220589]
[224.444916,221.326447]
[272.000000,215.000000]
[277.000000,57.000000]
[419.000000,340.000000]
[7.000000,153.000000]
[269.496735,252.235962]
[280.000000,210.000000]
[315.076172,189.021988]
[339.000000,275.000000]
[295.415771,177.536606]
[318.529510,365.935791]
[402.522949,302.581543]
[410.737427,156.057877]
[286.000000,67.000000]
[438.000000,262.000000]
[322.000000,170.000000]
[211.000000,202.000000]
[93.819588,154.653473]
[398.000000,255.000000]
[284.000000,112.000000]
[226.606247,123.418831]
[283.000000,198.000000]
[8.119621,248.598373]
[322.261475,328.087891]
[45.050457,254.709839]
[310.000000,243.000000]
[181.368759,225.409805]
[97.878990,256.298615]
[381.172455,156.617401]
[339.000000,239.000000]
[385.000000,193.000000]
[446.469696,186.647507]
[255.567749,281.156250]
[215.000000,239.000000]
[342.000000,170.000000]
[393.000000,169.000000]
[275.000000,291.000000]
[198.000000,209.000000]
[270.000000,242.000000]
[2.819329,213.506149]
[343.090881,303.744781]
[6.419504,157.165817]
[197.946732,188.054245]
[203.000000,221.000000]
[169.146820,244.937378]
[369.767242,225.341217]
[370.656281,51.342331]
[45.000000,228.000000]
[318.486908,204.684875]
[322.000000,165.000000]
[291.000000,159.000000]
[316.165131,226.846985]
[328.332336,376.035400]
[263.746063,71.766953]
[292.000000,164.000000]
[386.000000,250.000000]
[252.192566,236.772079]
[316.962372,206.175964]
[388.000000,308.000000]
[320.000000,267.000000]
[290.000000,278.000000]
[223.871857,186.615311]
[343.000000,227.000000]
[11.309699,248.699493]
[301.000000,274.000000]
[30.096727,203.152161]
[213.000000,114.000000]
[318.526276,365.931183]
[347.000000,371.000000]
[444.519135,248.157532]
[262.000000,210.000000]
[391.807678,265.759125]
[443.000000,267.000000]
[344.000000,290.000000]
[440.983917,328.476807]
[301.439941,31.758638]
[332.000000,268.000000]
[259.265778,232.519165]
[366.724487,315.793640]
[164.690903,222.014465]
[295.412476,177.558914]
[375.000000,145.000000]
[296.167297,341.716858]
[268.611206,137.077332]
[213.000000,282.000000]
[444.000000,260.000000]
[58.000000,237.000000]
[189.000000,138.000000]
[395.708313,231.115906]
[267.000000,217.000000]
[255.608124,35.632629]
[316.000000,169.000000]
[337.734253,159.999680]
[296.383972,96.664825]
[462.000000,281.000000]
[381.935333,262.761139]
[403.000000,12.000000]
[49.000000,231.000000]
[296.166595,341.714203]
[270.000000,155.000000]
[222.000000,208.000000]
[208.000000,206.000000]
[379.000000,170.000000]
[352.000000,363.000000]
[270.224426,317.057434]
[335.000000,172.000000]
[280.403870,289.026154]
[402.000000,247.000000]
[269.000000,299.000000]
[8.117769,248.600876]
[255.574753,281.137054]
[244.000000,294.000000]
[37.000000,219.000000]
[187.500839,247.187698]
[435.000000,170.000000]
[214.000000,220.000000]
[369.000000,238.000000]
[255.000000,304.000000]
[309.000000,310.000000]
[244.000000,154.000000]
[409.000000,336.000000]
[241.000000,132.000000]
[223.000000,135.000000]
[196.000000,258.000000]
[251.261627,237.465805]
[425.000000,177.000000]
[30.096468,203.151825]
[39.000000,176.000000]
[107.068596,216.471039]
[45.000000,240.000000]
[15.000000,230.000000]
[32.552765,189.999374]
[254.538895,7.431469]
[426.053772,155.829117]
[137.000000,219.000000]
[223.125153,166.382263]
[341.432343,216.178345]
[327.000000,273.000000]
[258.891144,232.679825]
[356.000000,153.000000]
[381.000000,257.000000]
[435.304443,342.191101]
[373.144043,194.909439]
[410.000000,328.000000]
[372.844788,284.284485]
[243.000000,217.000000]
[351.000000,173.000000]
[352.000000,179.000000]
[198.981155,120.368011]
[25.000000,228.000000]
[434.000000,257.000000]
[98.308662,256.315247]
[220.000000,195.000000]
[390.441345,191.416061]
[224.425064,221.330597]
[345.000000,175.000000]
[284.000000,307.000000]
[316.173370,226.847565]
[235.000000,181.000000]
[251.859161,110.439384]
[223.172989,165.974060]
[280.000000,232.000000]
[195.000000,231.000000]
[217.000000,233.000000]
[316.187317,226.841232]
[351.000000,163.000000]
[277.000000,206.000000]
[24.000000,219.000000]
[334.000000,281.000000]
[293.000000,58.000000]
[272.000000,191.000000]
[295.417328,177.525055]
[282.244476,281.827576]
[301.000000,241.000000]
[197.946686,188.054077]
[299.000000,71.000000]
[6.405851,157.137970]
[315.000000,249.000000]
[330.849518,296.738800]
[426.056519,155.828903]
[265.000000,305.000000]
[346.000000,279.000000]
[256.000000,220.000000]
[362.051147,386.352661]
[360.000000,288.000000]
[153.000000,190.000000]
[49.000000,243.000000]
[181.380463,225.406876]
[162.000000,187.000000]
[391.778564,265.751099]
[228.000000,115.000000]
[239.000000,213.000000]
[301.000000,269.000000]
[340.000000,382.000000]
[366.000000,303.000000]
[187.600433,247.208206]
[255.512909,281.300293]
[137.000000,240.000000]
[262.000000,199.000000]
[259.258331,232.522491]
[283.000000,261.000000]
[375.000000,180.000000]
[130.000000,213.000000]
[375.000000,173.000000]
[323.000000,215.000000]
[234.000000,137.000000]
[248.000000,214.000000]
[322.000000,272.000000]
[98.381195,256.318726]
[450.000000,261.000000]
[224.428925,221.329422]
[282.225952,281.827911]
[260.000000,291.000000]
[282.000000,158.000000]
[9.000000,170.000000]
[263.773407,71.737846]
[211.000000,243.000000]
[226.603683,123.416138]
[364.000000,240.000000]
[328.329010,376.032440]
[291.000000,7.000000]
[269.485565,252.233902]
[459.000000,268.000000]
[258.000000,249.000000]
[414.450806,237.827011]
[162.203629,273.249939]
[225.974380,99.323044]
[294.000000,3.000000]
[417.000000,324.000000]
[207.000000,136.000000]
[79.000000,238.000000]
[317.553192,205.693817]
[404.000000,257.000000]
[291.000000,303.000000]
[305.000000,169.000000]
[353.000000,184.000000]
[326.000000,238.000000]
[226.590378,123.420555]
[312.000000,172.000000]
[242.000000,180.000000]
[316.000000,256.000000]
[156.000000,204.000000]
[218.000000,203.000000]
[316.187164,226.840820]
[16.060667,141.254333]
[329.000000,229.000000]
[306.772827,285.069305]
[200.192673,293.484711]
[229.339706,237.168900]
[259.000000,261.000000]
[170.000000,265.000000]
[27.000000,155.000000]
[17.000000,208.000000]
[289.000000,236.000000]
[315.000000,267.000000]
[248.463104,131.768982]
[2.830201,213.433212]
[362.000000,297.000000]
[239.000000,184.000000]
[410.739105,156.058044]
[144.000000,249.000000]
[178.078400,137.036072]
[322.000000,243.000000]
[239.000000,284.000000]
[257.000000,214.000000]
[29.000000,242.000000]
[124.551193,156.537476]
[291.000000,320.000000]
[212.000000,126.000000]
[211.000000,119.000000]
[253.000000,140.000000]
[343.000000,284.000000]
[40.800827,165.352966]
[344.299683,202.969528]
[251.000000,254.000000]
[412.000000,251.000000]
[329.189697,253.825714]
[425.972839,155.833664]
[316.171814,226.847610]
[223.125916,166.371918]
[273.000000,209.000000]
[55.000000,155.000000]
[361.772400,256.919769]
[267.000000,269.000000]
[251.667999,109.844833]
[291.000000,288.000000]
[401.000000,322.000000]
[223.327133,302.830872]
[371.000000,176.000000]
[329.229797,253.592072]
[290.000000,198.000000]
[278.000000,161.000000]
[9.000000,231.000000]
[243.000000,251.000000]
[301.983368,153.017685]
[268.000000,104.000000]
[2.477466,198.431030]
[369.776337,225.343735]
[369.739014,317.235657]
[110.000000,247.000000]
[294.003876,225.747864]
[318.311432,43.351643]
[209.000000,230.000000]
[147.000000,184.000000]
[409.172821,189.344742]
[145.000000,156.000000]
[306.777435,285.075104]
[355.000000,287.000000]
[297.000000,86.000000]
[244.660172,167.218826]
[459.000000,261.000000]
[379.660675,262.114563]
[317.262146,206.035767]
[298.000000,306.000000]
[30.110083,203.172333]
[427.023926,275.007965]
[299.000000,312.000000]
[146.166519,259.622437]
[285.000000,185.000000]
[196.000000,132.000000]
[458.000000,166.000000]
[69.000000,235.000000]
[344.000000,295.000000]
[259.000000,151.000000]
[32.716209,182.638901]
[258.000000,268.000000]
[197.943985,188.045944]
[221.000000,242.000000]
[247.871643,87.098442]
[331.000000,238.000000]
[223.279572,302.819519]
[22.000000,150.000000]
[215.000000,5.000000]
[26.787067,252.542892]
[428.000000,261.000000]
[360.000000,172.000000]
[441.000000,279.000000]
[328.329529,376.033844]
[353.000000,303.000000]
[316.000000,162.000000]
[226.000000,277.000000]
[306.775208,285.071259]
[218.000000,277.000000]
[276.080872,87.210152]
[266.000000,98.000000]
[198.974823,120.374275]
[32.890148,181.943298]
[168.285538,245.454376]
[231.000000,188.000000]
[361.774414,256.920563]
[198.992737,120.355103]
[147.144318,216.311539]
[444.000000,174.000000]
[256.372620,80.152161]
[259.285431,175.057831]
[294.000000,314.000000]
[313.445465,360.436615]
[30.162518,203.213669]
[174.036362,205.887573]
[422.000000,333.000000]
[453.000000,165.000000]
[299.000000,204.000000]
[272.000000,267.000000]
[266.000000,206.000000]
[446.984711,186.568451]
[146.000000,229.000000]
[38.000000,230.000000]
[370.000000,246.000000]
[208.000000,263.000000]
[276.040710,87.283867]
[34.789246,177.753510]
[286.000000,326.000000]
[225.000000,84.000000]
[95.000000,166.000000]
[381.000000,234.000000]
[116.000000,194.000000]
[184.000000,138.000000]
[203.000000,257.000000]
[334.000000,178.000000]
[2.519894,197.863846]
[247.861755,87.105606]
[11.000000,226.000000]
[385.000000,186.000000]
[181.370102,225.407791]
[367.000000,145.000000]
[341.451324,138.591599]
[363.000000,150.000000]
[341.456238,138.592026]
[349.563782,78.459335]
[236.000000,238.000000]
[269.494904,252.239807]
[300.000000,51.000000]
[194.000000,265.000000]
[295.411987,177.564178]
[382.000000,47.000000]
[425.000000,267.000000]
[147.130844,215.522385]
[93.983902,29.853361]
[204.000000,266.000000]
[189.000000,263.000000]
[216.000000,246.000000]
[40.811844,165.360840]
[126.000000,203.000000]
[318.491882,365.883698]
[5.000000,227.000000]
[308.667542,214.235550]
[322.265167,328.104156]
[124.547806,156.537415]
[330.863373,296.746826]
[123.000000,213.000000]
[101.000000,166.000000]
[297.000000,262.000000]
[179.000000,143.000000]
[110.950325,155.890091]
[115.000000,205.000000]
[310.000000,181.000000]
