[342.586456,200.302124]
[262.534851,130.451324]
[151.344574,156.188675]
[-1.000000,-1.000000]
[305.860596,30.673531]
[325.036377,7.062835]
[314.737610,289.702911]
[294.488251,28.618633]
[-1.000000,-1.000000]
[319.309265,18.303806]
[-1.000000,-1.000000]
[323.953033,42.784523]
[299.370270,-8.992126]
[-1.000000,-1.000000]
[312.273468,30.885143]
[296.691559,16.699379]
[-1.000000,-1.000000]
[-1.000000,-1.000000]
[325.739197,12.047707]
[315.405701,72.457245]
[306.563141,30.496948]
[336.613129,246.788177]
[-1.000000,-1.000000]
[336.637115,246.544617]
[302.997498,-1.848818]
[-1.000000,-1.000000]
[-1.000000,-1.000000]
[-1.000000,-1.000000]
[-1.000000,-1.000000]
[-1.000000,-1.000000]
[-1.000000,-1.000000]
[325.826813,9.525239]
[345.299133,186.132919]
[288.906738,32.517178]
[-1.000000,-1.000000]
[48.478916,255.154129]
[345.297272,186.125397]
[483.052704,123.046387]
[479.318146,112.352036]
[310.922943,-7.437382]
[377.424622,392.116974]
[3.198212,248.467972]
[-1.000000,-1.000000]
[3.110546,248.444443]
[48.364811,255.137772]
[312.273468,30.885609]
[283.885101,324.355469]
[-1.000000,-1.000000]
[297.917328,93.123848]
[45.253536,254.669464]
[342.582733,200.313782]
[500.496735,240.165558]
[-1.000000,-1.000000]
[323.176361,5.281842]
[318.881134,66.776138]
[297.607941,2.242548]
[338.057251,6.317431]
[-1.000000,-1.000000]
[458.657654,332.443542]
[163.566284,277.199829]
[290.238647,142.018951]
[377.423370,392.119019]
[323.952881,42.783463]
[451.611481,349.827881]
[-1.000000,-1.000000]
[-1.000000,-1.000000]
[479.319855,112.354683]
[458.349731,331.736542]
[314.733032,289.699921]
[352.705444,264.671143]
[458.351715,331.739197]
[-1.000000,-1.000000]
[361.693512,396.232239]
[-1.000000,-1.000000]
[299.768158,91.660095]
[-1.000000,-1.000000]
[324.201050,17.490200]
[483.010864,119.786270]
[288.541779,38.722267]
[-1.000000,-1.000000]
[290.440338,142.059052]
[317.205505,69.238358]
[-1.000000,-1.000000]
[-1.000000,-1.000000]
[375.186157,378.781403]
[151.035629,151.961456]
[-1.000000,-1.000000]
[-1.000000,-1.000000]
[260.847961,313.026337]
[-1.000000,-1.000000]
[501.501160,255.728485]
[336.612793,246.784775]
[-1.000000,-1.000000]
[-1.000000,-1.000000]
[312.284119,30.892555]
[440.020416,349.837341]
[494.048889,263.210297]
[270.047455,66.571228]
[250.530716,77.760788]
[301.012939,143.404099]
[459.029602,333.485413]
[-1.000000,-1.000000]
[3.104901,248.451172]
[249.799332,79.600365]
[262.534790,130.451523]
[483.050720,123.050743]
[-1.000000,-1.000000]
[-1.000000,-1.000000]
[-1.000000,-1.000000]
[316.553253,144.053085]
[-1.000000,-1.000000]
[184.405594,288.588745]
[355.420074,204.479614]
[169.759003,280.524445]
[-1.000000,-1.000000]
[300.306458,36.311817]
[455.485260,222.118576]
[-1.000000,-1.000000]
[-1.000000,-1.000000]
[151.346481,156.188599]
[-1.000000,-1.000000]
[465.347809,105.305748]
[376.153503,386.434021]
[500.257660,239.788940]
[283.913574,324.377014]
[267.002625,140.449905]
[323.581970,55.373772]
[-1.000000,-1.000000]
[279.906433,139.191940]
[274.727478,142.743576]
[169.868744,280.576172]
[198.664444,294.432648]
[-1.000000,-1.000000]
[-1.000000,-1.000000]
[271.638611,317.708099]
[-1.000000,-1.000000]
[355.430206,204.483856]
[483.134277,231.666534]
[-1.000000,-1.000000]
[356.497467,204.591171]
[329.255005,141.985809]
[346.301392,260.645813]
[-1.000000,-1.000000]
[217.695862,218.308823]
[-1.000000,-1.000000]
[301.606812,294.199982]
[323.952972,42.786591]
[-1.000000,-1.000000]
[-1.000000,-1.000000]
[274.199646,220.421402]
[-1.000000,-1.000000]
[353.539276,241.902512]
[305.723724,30.708992]
[314.735107,289.702637]
[249.198792,73.407547]
[377.429626,392.109467]
[306.125488,17.225737]
[353.537354,241.900650]
[-1.000000,-1.000000]
[453.024200,106.541069]
[290.970673,166.425537]
[337.752106,32.700043]
[368.126892,406.114441]
[348.113983,243.046890]
[-1.000000,-1.000000]
[-1.000000,-1.000000]
[-1.000000,-1.000000]
[-1.000000,-1.000000]
[-1.000000,-1.000000]
[454.207642,105.860680]
[314.800415,16.177374]
[-1.000000,-1.000000]
[257.105591,74.108109]
[-1.000000,-1.000000]
[-1.000000,-1.000000]
[294.575897,217.866882]
[-1.000000,-1.000000]
[-1.000000,-1.000000]
[376.161011,386.465088]
[249.787109,79.608475]
[323.953064,42.789307]
[-1.000000,-1.000000]
[-1.000000,-1.000000]
[329.285339,141.979858]
[260.837555,313.029572]
[450.359619,221.273529]
[290.974121,166.399170]
[300.309296,36.310692]
[-1.000000,-1.000000]
[-1.000000,-1.000000]
[316.558533,144.059494]
[-1.000000,-1.000000]
[300.595276,143.780273]
[-1.000000,-1.000000]
[-1.000000,-1.000000]
[-1.000000,-1.000000]
[500.533661,240.221909]
[376.168823,386.452393]
[-1.000000,-1.000000]
[257.319336,227.217682]
[-1.000000,-1.000000]
[-1.000000,-1.000000]
[449.671143,220.649612]
[143.517456,261.653137]
[312.276703,30.886713]
[-1.000000,-1.000000]
[-1.000000,-1.000000]
[-1.000000,-1.000000]
[-1.000000,-1.000000]
[297.953522,93.093590]
[-1.000000,-1.000000]
[-1.000000,-1.000000]
[-1.000000,-1.000000]
[323.320251,144.420074]
[419.640320,328.280762]
[-1.000000,-1.000000]
[-1.000000,-1.000000]
[301.139191,296.437622]
[-1.000000,-1.000000]
[269.424347,247.619034]
[-1.000000,-1.000000]
[-1.000000,-1.000000]
[-1.000000,-1.000000]
[-1.000000,-1.000000]
[-1.000000,-1.000000]
[-1.000000,-1.000000]
[-1.000000,-1.000000]
[-1.000000,-1.000000]
[465.831757,107.711823]
[-1.000000,-1.000000]
[-1.000000,-1.000000]
[263.823364,118.820969]
[34.992958,251.500656]
[247.203629,131.949829]
[-1.000000,-1.000000]
[284.483948,91.611481]
[-1.000000,-1.000000]
[275.849182,82.796692]
[467.318970,107.898239]
[-1.000000,-1.000000]
[-1.000000,-1.000000]
[283.042908,218.643600]
[-1.000000,-1.000000]
[353.149994,243.526260]
[211.028961,286.635223]
[-1.000000,-1.000000]
[450.329468,324.975189]
[475.677460,228.306915]
[257.982697,142.457977]
[461.041718,105.823235]
[-1.000000,-1.000000]
[265.887146,301.260498]
[250.532852,77.759506]
[353.539490,241.899719]
[-1.000000,-1.000000]
[-1.000000,-1.000000]
[317.184692,69.270927]
[405.454559,228.811722]
[250.463776,77.813049]
[-1.000000,-1.000000]
[-1.000000,-1.000000]
[250.478363,77.802994]
[-1.000000,-1.000000]
[-1.000000,-1.000000]
[-1.000000,-1.000000]
[262.537903,130.445129]
[-1.000000,-1.000000]
[340.658051,215.868011]
[371.920654,374.480713]
[-1.000000,-1.000000]
[-1.000000,-1.000000]
[-1.000000,-1.000000]
[269.949036,119.230530]
[440.000519,107.352310]
[247.159119,128.039169]
[368.652405,395.476349]
[168.716568,279.991882]
[252.798294,77.586319]
[290.233276,142.017654]
[-1.000000,-1.000000]
[354.993195,204.062347]
[146.591843,170.386414]
[269.423126,247.617859]
[-1.000000,-1.000000]
[143.517197,261.653137]
[-1.000000,-1.000000]
[275.882599,82.760925]
[160.425735,275.929779]
[418.095215,127.274780]
[-1.000000,-1.000000]
[-1.000000,-1.000000]
[282.042236,101.358994]
[282.771667,301.321594]
[-1.000000,-1.000000]
[-1.000000,-1.000000]
[-1.000000,-1.000000]
[336.611298,246.780777]
[284.450317,105.628426]
[314.861481,306.032196]
[295.150879,217.747986]
[279.660675,94.115318]
[-1.000000,-1.000000]
[306.423096,30.514425]
[-1.000000,-1.000000]
[-1.000000,-1.000000]
[-1.000000,-1.000000]
[397.800201,147.521744]
[-1.000000,-1.000000]
[-1.000000,-1.000000]
[-1.000000,-1.000000]
[58.691959,243.455612]
[398.865997,223.834000]
[368.877319,406.337982]
[297.670776,4.793976]
[376.165100,386.470673]
[471.777100,131.806763]
[294.592102,217.852600]
[-1.000000,-1.000000]
[151.344070,156.193146]
[-1.000000,-1.000000]
[-1.000000,-1.000000]
[451.242035,350.007477]
[368.125793,406.108887]
[37.232674,241.750748]
[217.722580,218.306595]
[334.767853,150.706329]
[376.165741,386.450226]
[240.741684,101.985939]
[-1.000000,-1.000000]
[-1.000000,-1.000000]
[-1.000000,-1.000000]
[9.764481,237.738495]
[261.657227,121.344978]
[-1.000000,-1.000000]
[232.912872,121.904137]
[283.845154,324.311798]
[454.204010,105.862846]
[168.716797,279.991608]
[-1.000000,-1.000000]
[47.000381,242.440521]
[-1.000000,-1.000000]
[198.492081,273.600616]
[290.972778,166.431427]
[-1.000000,-1.000000]
[46.983231,244.588043]
[-1.000000,-1.000000]
[223.189636,204.405777]
[360.234833,380.084778]
[283.926270,324.389038]
[249.175705,232.392044]
[342.581909,200.313950]
[-1.000000,-1.000000]
[205.364883,104.674599]
[-1.000000,-1.000000]
[186.431351,271.128571]
[368.664734,395.470215]
[-1.000000,-1.000000]
[169.768692,280.529877]
[470.531555,244.655792]
[164.443802,141.379456]
[-1.000000,-1.000000]
[-1.000000,-1.000000]
[222.370407,117.692078]
[-1.000000,-1.000000]
[277.977081,317.037842]
[266.159241,116.559013]
[257.941223,304.879974]
[-1.000000,-1.000000]
[321.696045,167.940338]
[294.771423,152.863983]
[275.846771,82.782654]
[217.723236,218.307770]
[270.179657,208.970642]
[-1.000000,-1.000000]
[-1.000000,-1.000000]
[-1.000000,-1.000000]
[269.423553,247.616013]
[277.956238,203.683212]
[-1.000000,-1.000000]
[348.627289,271.547180]
[290.973602,166.406235]
[-1.000000,-1.000000]
[-1.000000,-1.000000]
[-1.000000,-1.000000]
[-1.000000,-1.000000]
[460.547913,239.765427]
[307.824921,156.220688]
[-1.000000,-1.000000]
[-1.000000,-1.000000]
[406.602966,237.022476]
[277.023560,111.587418]
[222.377274,117.638779]
[281.598541,188.707916]
[-1.000000,-1.000000]
[376.159637,386.421722]
[-1.000000,-1.000000]
[-1.000000,-1.000000]
[-1.000000,-1.000000]
[-1.000000,-1.000000]
[247.538879,132.054901]
[347.918610,228.968475]
[-1.000000,-1.000000]
[-1.000000,-1.000000]
[-1.000000,-1.000000]
[210.113159,235.520645]
[319.820648,153.573975]
[-1.000000,-1.000000]
[-1.000000,-1.000000]
[-1.000000,-1.000000]
[269.972412,235.683319]
[-1.000000,-1.000000]
[-1.000000,-1.000000]
[-1.000000,-1.000000]
[-1.000000,-1.000000]
[-1.000000,-1.000000]
[-1.000000,-1.000000]
[355.414551,204.477615]
[-1.000000,-1.000000]
[-1.000000,-1.000000]
[320.325012,193.589172]
[304.778656,151.155289]
[283.620605,150.093124]
[-1.000000,-1.000000]
[257.349487,304.585236]
[250.467728,77.809586]
[285.310181,154.576706]
[397.663147,234.738174]
[249.924789,231.748154]
[-1.000000,-1.000000]
[410.339233,315.498444]
[327.370056,261.532257]
[-1.000000,-1.000000]
[-1.000000,-1.000000]
[343.839142,211.550201]
[10.943990,247.483475]
[307.119415,274.983643]
[-1.000000,-1.000000]
[294.075073,46.389717]
[-1.000000,-1.000000]
[361.861053,375.847443]
[-1.000000,-1.000000]
[259.571594,204.752213]
[-1.000000,-1.000000]
[467.155487,245.310638]
[250.884476,290.164856]
[459.066315,333.562531]
[305.785126,30.692596]
[339.149567,262.153931]
[257.323700,227.217789]
[-1.000000,-1.000000]
[-1.000000,-1.000000]
[290.970276,166.429398]
[-1.000000,-1.000000]
[368.659760,395.472656]
[262.537903,130.444077]
[210.169678,282.096008]
[462.207855,235.680069]
[-1.000000,-1.000000]
[-1.000000,-1.000000]
[-1.000000,-1.000000]
[265.408447,211.168381]
[-1.000000,-1.000000]
[305.170319,156.187805]
[316.538177,144.060730]
[297.949463,93.096169]
[-1.000000,-1.000000]
[-1.000000,-1.000000]
[-1.000000,-1.000000]
[-1.000000,-1.000000]
[368.673798,395.465210]
[263.440735,147.814697]
[215.712540,205.189270]
[-1.000000,-1.000000]
[397.515289,129.736603]
[366.391907,367.248718]
[283.844086,324.311035]
[317.179504,156.183884]
[-1.000000,-1.000000]
[407.293030,224.859512]
[284.165131,304.533936]
[-1.000000,-1.000000]
[-1.000000,-1.000000]
[264.783569,299.472137]
[-1.000000,-1.000000]
[-1.000000,-1.000000]
[441.389984,121.936485]
[207.412231,216.913788]
[-1.000000,-1.000000]
[269.733765,308.536499]
[319.023743,308.859619]
[-1.000000,-1.000000]
[-1.000000,-1.000000]
[235.987579,125.771179]
[217.179260,129.046814]
[191.358536,258.148376]
[249.170715,232.394913]
[-1.000000,-1.000000]
[-1.000000,-1.000000]
[-1.000000,-1.000000]
[-1.000000,-1.000000]
[45.728531,242.860062]
[-1.000000,-1.000000]
[-1.000000,-1.000000]
[-1.000000,-1.000000]
[-1.000000,-1.000000]
[-1.000000,-1.000000]
[-1.000000,-1.000000]
[342.578369,200.318283]
[333.085052,266.798889]
[256.858826,227.430191]
[-1.000000,-1.000000]
[393.085815,241.928314]
[452.879974,348.900269]
[-1.000000,-1.000000]
[411.480743,326.349976]
[-1.000000,-1.000000]
[-1.000000,-1.000000]
[325.048309,155.920822]
[-1.000000,-1.000000]
[-1.000000,-1.000000]
[-1.000000,-1.000000]
[454.153259,234.177414]
[-1.000000,-1.000000]
[-1.000000,-1.000000]
[-1.000000,-1.000000]
[217.695648,218.308792]
[329.225708,157.845322]
[285.616882,306.223755]
[-1.000000,-1.000000]
[-1.000000,-1.000000]
[-1.000000,-1.000000]
[-1.000000,-1.000000]
[280.047882,224.951981]
[191.096252,228.395065]
[211.351578,229.325180]
[-1.000000,-1.000000]
[322.144379,146.296204]
[274.579315,199.475952]
[-1.000000,-1.000000]
[329.785492,270.009705]
[-1.000000,-1.000000]
[-1.000000,-1.000000]
[290.975525,166.401978]
[-1.000000,-1.000000]
[-1.000000,-1.000000]
[-1.000000,-1.000000]
[304.049774,67.908981]
[-1.000000,-1.000000]
[323.447937,243.229980]
[-1.000000,-1.000000]
[-1.000000,-1.000000]
[286.425598,316.296082]
[377.152527,288.972778]
[253.539719,215.342285]
[377.431122,392.106659]
[376.554169,290.988770]
[-1.000000,-1.000000]
[45.866287,244.363129]
[-1.000000,-1.000000]
[-1.000000,-1.000000]
[-1.000000,-1.000000]
[253.498901,94.104561]
[-1.000000,-1.000000]
[306.857208,272.198822]
[335.166870,373.327637]
[304.461182,277.481018]
[-1.000000,-1.000000]
[-1.000000,-1.000000]
[-1.000000,-1.000000]
[-1.000000,-1.000000]
[257.316833,227.220215]
[-1.000000,-1.000000]
[376.054260,150.894028]
[-1.000000,-1.000000]
[368.056427,146.034546]
[326.541718,202.265366]
[227.824051,131.279968]
[-1.000000,-1.000000]
[330.556824,268.757629]
[-1.000000,-1.000000]
[460.826935,234.091797]
[217.703491,218.308304]
[-1.000000,-1.000000]
[-1.000000,-1.000000]
[275.204742,149.811752]
[-1.000000,-1.000000]
[250.527267,77.763641]
[-1.000000,-1.000000]
[222.375519,117.637360]
[-1.000000,-1.000000]
[258.392456,305.097412]
[303.842072,6.842984]
[269.417816,247.610703]
[481.433105,243.635941]
[256.056061,244.623199]
[-1.000000,-1.000000]
[160.424286,275.928955]
[-1.000000,-1.000000]
[-1.000000,-1.000000]
[436.321899,329.803558]
[-1.000000,-1.000000]
[-1.000000,-1.000000]
[-1.000000,-1.000000]
[409.428741,237.759796]
[298.315063,301.101562]
[297.511810,157.510590]
[348.161743,164.668625]
[334.696320,229.209320]
[222.373138,117.630615]
[305.296295,158.785797]
[-1.000000,-1.000000]
[323.914520,249.918045]
[-1.000000,-1.000000]
[-1.000000,-1.000000]
[-1.000000,-1.000000]
[-1.000000,-1.000000]
[331.033813,215.898788]
[314.733063,289.699402]
[198.393631,294.211151]
[-1.000000,-1.000000]
[-1.000000,-1.000000]
[167.480713,267.307281]
[26.721140,153.387512]
[-1.000000,-1.000000]
[290.836792,228.592560]
[317.146484,269.729736]
[243.352997,124.256241]
[-1.000000,-1.000000]
[325.338196,269.260620]
[-1.000000,-1.000000]
[-1.000000,-1.000000]
[141.971130,251.083160]
[-1.000000,-1.000000]
[329.833191,235.641891]
[237.667007,284.182220]
[254.422638,209.390152]
[37.783165,244.788925]
[-1.000000,-1.000000]
[293.533325,319.329956]
[-1.000000,-1.000000]
[206.222214,113.569656]
[246.273605,131.568390]
[346.134613,278.323914]
[-1.000000,-1.000000]
[345.293274,186.125000]
[248.780212,250.044617]
[408.739563,225.353928]
[336.614990,246.804855]
[-1.000000,-1.000000]
[-1.000000,-1.000000]
[-1.000000,-1.000000]
[270.332397,203.305664]
[-1.000000,-1.000000]
[353.540314,241.899612]
[267.298401,266.591553]
[-1.000000,-1.000000]
[299.076355,287.652344]
[423.329468,331.016876]
[-1.000000,-1.000000]
[-1.000000,-1.000000]
[336.637909,246.538651]
[-1.000000,-1.000000]
[271.562286,152.729797]
[-1.000000,-1.000000]
[-1.000000,-1.000000]
[290.437103,142.058197]
[-1.000000,-1.000000]
[-1.000000,-1.000000]
[355.430573,204.484161]
[-1.000000,-1.000000]
[-1.000000,-1.000000]
[295.146362,217.753143]
[323.953156,42.784550]
[204.427628,226.604904]
[-1.000000,-1.000000]
[-1.000000,-1.000000]
[138.284409,156.057068]
[314.737091,289.705994]
[365.018646,285.281647]
[299.548035,84.456573]
[-1.000000,-1.000000]
[480.538269,236.603149]
[-1.000000,-1.000000]
[319.276703,194.290833]
[309.627960,306.544678]
[-1.000000,-1.000000]
[-1.000000,-1.000000]
[306.247559,308.191345]
[143.518463,261.653809]
[282.246521,173.716644]
[-1.000000,-1.000000]
[461.803589,114.728424]
[-1.000000,-1.000000]
[354.141357,299.794373]
[252.324371,144.068268]
[-1.000000,-1.000000]
[-1.000000,-1.000000]
[-1.000000,-1.000000]
[-1.000000,-1.000000]
[249.800018,79.599556]
[339.689026,228.913025]
[-1.000000,-1.000000]
[-1.000000,-1.000000]
[-1.000000,-1.000000]
[3.147512,248.473282]
[446.591278,240.545532]
[332.862183,153.980438]
[-1.000000,-1.000000]
[257.797607,304.808350]
[-1.000000,-1.000000]
[303.841431,149.217117]
[-1.000000,-1.000000]
[314.736084,289.703003]
[-1.000000,-1.000000]
[275.855682,82.771645]
[266.284790,91.822746]
[-1.000000,-1.000000]
[-1.000000,-1.000000]
[-1.000000,-1.000000]
[-1.000000,-1.000000]
[353.539062,241.899902]
[-1.000000,-1.000000]
[-1.000000,-1.000000]
[436.646423,131.258057]
[257.095825,74.121857]
[-1.000000,-1.000000]
[300.708954,314.165894]
[-1.000000,-1.000000]
[-1.000000,-1.000000]
[-1.000000,-1.000000]
[440.470032,339.347687]
[458.517090,114.379478]
[-1.000000,-1.000000]
[273.506104,262.592163]
[263.268768,200.419327]
[-1.000000,-1.000000]
[-1.000000,-1.000000]
[-1.000000,-1.000000]
[377.422241,232.152084]
[-1.000000,-1.000000]
[275.820007,82.826515]
[-1.000000,-1.000000]
[356.573303,387.028259]
[-1.000000,-1.000000]
[-1.000000,-1.000000]
[390.237640,215.758392]
[-1.000000,-1.000000]
[-1.000000,-1.000000]
[-1.000000,-1.000000]
[-1.000000,-1.000000]
[-1.000000,-1.000000]
[249.784683,79.610374]
[-1.000000,-1.000000]
[390.102905,154.215240]
[-1.000000,-1.000000]
[-1.000000,-1.000000]
[-1.000000,-1.000000]
[-1.000000,-1.000000]
[-1.000000,-1.000000]
[-1.000000,-1.000000]
[-1.000000,-1.000000]
[269.421997,247.621384]
[304.229736,49.289097]
[189.361664,266.012848]
[290.971985,166.439087]
[-1.000000,-1.000000]
[-1.000000,-1.000000]
[-1.000000,-1.000000]
[-1.000000,-1.000000]
[-1.000000,-1.000000]
[184.584732,263.925598]
[-1.000000,-1.000000]
[-1.000000,-1.000000]
[-1.000000,-1.000000]
[-1.000000,-1.000000]
[-1.000000,-1.000000]
[-1.000000,-1.000000]
[376.146393,386.400726]
[-1.000000,-1.000000]
[-1.000000,-1.000000]
[-1.000000,-1.000000]
[-1.000000,-1.000000]
[-1.000000,-1.000000]
[-1.000000,-1.000000]
[-1.000000,-1.000000]
[-1.000000,-1.000000]
[305.558472,169.219772]
