[173.977631,352.059326]
[322.048767,299.477753]
[143.435181,349.220978]
[143.436569,349.203522]
[143.441010,349.220795]
[143.432968,349.226410]
[271.582062,307.565674]
[245.910217,296.689697]
[143.060822,349.504944]
[363.380676,399.664276]
[363.387726,399.669373]
[371.133118,421.676849]
[245.900894,296.670044]
[371.129211,421.673981]
[360.925842,225.943924]
[271.596619,307.572906]
[363.397186,399.664093]
[572.115967,184.966110]
[141.955963,361.875244]
[335.963745,285.772858]
[296.784698,181.093323]
[348.861450,276.832977]
[143.437622,349.223663]
[371.129517,421.666168]
[301.136505,343.352173]
[245.901459,296.672516]
[567.133545,205.543671]
[388.642731,175.430786]
[290.527008,331.593231]
[270.545532,307.717316]
[296.345123,139.657867]
[320.150635,240.408142]
[296.345123,139.657867]
[142.000427,339.056366]
[368.157959,111.962875]
[312.684753,356.494995]
[172.974686,340.042267]
[572.142639,184.973206]
[326.874542,281.852325]
[388.845581,175.624344]
[145.949722,362.920258]
[320.093323,34.555706]
[275.169250,162.417633]
[342.916809,386.658020]
[312.989563,352.209045]
[371.137939,421.679596]
[511.116516,287.597351]
[177.995636,340.019287]
[511.111359,287.595947]
[332.219879,377.056824]
[173.239197,325.887878]
[-1.000000,-1.000000]
[339.472046,272.715332]
[332.702881,290.263489]
[344.914642,276.707916]
[143.047653,349.520264]
[173.239090,325.887390]
[274.292999,308.863708]
[318.550415,357.244598]
[479.595123,53.282696]
[325.612701,266.734924]
[321.196136,364.225983]
[572.107361,184.961761]
[-1.000000,-1.000000]
[191.579849,151.526489]
[321.488831,353.586029]
[466.050781,253.744919]
[301.205170,349.649933]
[480.527527,351.242004]
[466.034790,253.552536]
[322.057465,299.475769]
[290.782074,150.042786]
[143.045898,349.522919]
[315.999390,361.244141]
[371.131226,421.671204]
[307.761810,351.807556]
[363.242401,443.917236]
[163.913773,335.979675]
[245.921799,296.741852]
[309.178223,204.351456]
[245.897720,296.670868]
[-1.000000,-1.000000]
[341.898041,274.959503]
[320.156281,240.415359]
[333.272675,245.503113]
[278.476654,312.243011]
[309.304352,325.476044]
[314.532501,357.710999]
[339.203888,291.533142]
[466.706421,218.247620]
[572.126770,184.975189]
[264.756348,316.387238]
[338.154755,251.015015]
[322.058716,299.478210]
[476.956512,204.514862]
[-1.000000,-1.000000]
[511.118988,287.598450]
[432.116150,196.882523]
[454.489990,357.502686]
[-1.000000,-1.000000]
[335.360229,216.493744]
[313.698456,347.352905]
[318.364838,212.244507]
[333.336334,364.283997]
[143.045959,349.515808]
[284.425476,320.914764]
[321.725494,208.696030]
[466.740784,218.238495]
[631.117615,361.366486]
[287.324249,319.841217]
[438.111389,133.168777]
[168.893631,338.064758]
[275.159180,162.328262]
[371.143982,421.684967]
[385.751923,276.582123]
[368.674438,431.582642]
[363.402039,399.665131]
[466.054199,253.735733]
[362.839050,156.732391]
[313.572388,213.229721]
[228.830704,306.111115]
[256.832275,296.475433]
[362.838470,156.724503]
[335.340332,217.489899]
[608.641846,303.336060]
[322.054688,299.477661]
[342.717896,283.339355]
[363.368347,399.664886]
[326.924377,356.624908]
[454.492859,357.495331]
[479.577728,53.263752]
[351.982635,387.690826]
[322.980713,212.195023]
[371.139740,421.683533]
[480.716248,351.046539]
[-1.000000,-1.000000]
[441.798920,239.124908]
[363.376678,399.668030]
[-1.000000,-1.000000]
[285.743591,318.282623]
[174.006668,352.063904]
[-1.000000,-1.000000]
[243.315948,439.125824]
[154.991547,335.974945]
[338.966217,259.821594]
[365.604828,410.291565]
[-1.000000,-1.000000]
[157.929642,335.981232]
[275.231689,162.802841]
[437.526093,189.826904]
[364.103546,173.863281]
[275.210144,162.638000]
[169.890091,341.072540]
[333.976501,238.196915]
[479.595123,53.282696]
[375.332092,161.123383]
[419.892242,229.971008]
[291.603424,163.795059]
[363.372559,399.667816]
[452.841675,408.917725]
[319.454071,196.973572]
[-1.000000,-1.000000]
[323.070648,274.284943]
[433.122009,275.246887]
[482.295380,204.381653]
[294.911346,323.875580]
[333.561951,274.319458]
[323.484375,351.369446]
[174.006577,352.064148]
[316.967010,347.752289]
[325.256683,262.705627]
[525.707947,268.403015]
[173.238983,325.888000]
[-1.000000,-1.000000]
[360.900909,226.003036]
[460.275452,414.995453]
[400.323303,280.566833]
[362.838593,156.685364]
[335.141541,280.066895]
[454.652252,245.154434]
[368.157867,111.958534]
[191.583450,151.527725]
[342.358917,289.149445]
[466.785339,218.187134]
[-1.000000,-1.000000]
[159.706329,17.334799]
[308.643250,210.299637]
[393.741058,219.993530]
[316.114685,198.692108]
[302.688995,334.130157]
[125.312820,359.321014]
[316.294769,350.222046]
[366.434784,409.548401]
[-1.000000,-1.000000]
[364.416260,170.378647]
[336.515869,254.338638]
[454.490021,357.509369]
[317.087006,353.865753]
[282.770111,323.487183]
[296.520844,139.868698]
[364.207947,174.234772]
[-1.000000,-1.000000]
[492.769897,197.142700]
[466.846771,218.120209]
[-1.000000,-1.000000]
[427.762573,162.766449]
[125.318581,355.242706]
[432.117340,196.865067]
[188.548309,366.616364]
[436.689240,292.274384]
[319.762024,203.590317]
[256.691833,284.337799]
[229.456284,306.101654]
[337.900146,278.921692]
[360.473694,444.041046]
[393.731171,219.998337]
[608.637756,303.337860]
[440.198517,141.779984]
[-1.000000,-1.000000]
[318.925690,347.668152]
[333.939392,294.350891]
[-1.000000,-1.000000]
[369.527374,410.146454]
[-1.000000,-1.000000]
[363.399963,399.664246]
[430.558838,175.599335]
[363.404572,399.658844]
[213.012787,237.350739]
[375.815002,183.238846]
[298.022400,331.577148]
[365.238708,408.013245]
[362.838226,156.686646]
[371.571075,406.984283]
[414.888214,285.106171]
[463.237549,273.308868]
[363.390686,399.671112]
[349.748962,384.634216]
[-1.000000,-1.000000]
[-1.000000,-1.000000]
[370.484406,168.560165]
[480.526672,351.246216]
[244.569427,345.084534]
[322.054688,299.477661]
[306.724579,215.235748]
[173.239197,325.887878]
[364.386566,178.029694]
[310.636841,290.268463]
[480.720520,351.039795]
[251.359222,295.001587]
[-1.000000,-1.000000]
[331.792603,267.890869]
[212.870651,237.315903]
[374.649811,160.494156]
[294.334229,188.477249]
[127.940018,363.076996]
[340.315002,376.809753]
[388.743896,175.494125]
[418.745209,176.434723]
[271.582123,307.565582]
[479.161743,227.323120]
[384.312103,125.510529]
[572.128967,184.937958]
[131.917419,364.002899]
[424.216705,273.532654]
[316.247681,343.294891]
[452.433228,250.502625]
[322.885559,204.799698]
[477.184692,211.137466]
[128.999969,353.078369]
[-1.000000,-1.000000]
[363.400909,399.660370]
[228.833618,306.105286]
[466.678131,218.257965]
[438.188171,357.704071]
[111.026436,436.780396]
[191.582489,151.520126]
[132.029541,359.161621]
[-1.000000,-1.000000]
[365.092102,174.273300]
[380.390076,185.664017]
[362.840576,156.726395]
[-1.000000,-1.000000]
[432.122528,196.866470]
[448.025391,270.454468]
[433.383026,314.667816]
[381.013123,269.637604]
[364.104492,173.865997]
[310.005402,345.390137]
[-1.000000,-1.000000]
[-1.000000,-1.000000]
[438.124146,133.163910]
[228.828262,306.112518]
[-1.000000,-1.000000]
[327.727631,274.528564]
[282.191284,318.213104]
[414.564240,225.003937]
[362.996918,439.333313]
[309.468628,325.312073]
[289.410736,323.733337]
[432.123993,196.845795]
[-1.000000,-1.000000]
[466.052765,253.737823]
[-1.000000,-1.000000]
[191.578979,151.518448]
[365.598328,410.289825]
[375.152039,191.129608]
[339.499176,378.714020]
[262.315369,295.430054]
[433.664337,169.508133]
[417.079224,361.094788]
[240.799957,311.387451]
[362.840149,156.758514]
[-1.000000,-1.000000]
[371.936951,168.677002]
[320.157196,240.417328]
[368.154572,111.970551]
[285.757721,324.023590]
[438.122803,133.176208]
[-1.000000,-1.000000]
[111.018730,436.772583]
[212.955261,237.347992]
[320.651459,350.026123]
[-1.000000,-1.000000]
[557.298828,200.954865]
[-1.000000,-1.000000]
[404.880585,288.723083]
[-1.000000,-1.000000]
[-1.000000,-1.000000]
[417.087616,171.580826]
[-1.000000,-1.000000]
[256.919556,291.600983]
[362.599182,174.857315]
[375.146851,162.900269]
[310.687347,290.274933]
[289.940308,325.046967]
[525.680908,268.466614]
[310.694092,290.275055]
[-1.000000,-1.000000]
[430.860046,153.938171]
[-1.000000,-1.000000]
[228.824921,306.112274]
[365.601654,410.290497]
[-1.000000,-1.000000]
[362.550812,425.780090]
[-1.000000,-1.000000]
[-1.000000,-1.000000]
[256.502563,296.168365]
[296.784698,181.093323]
[-1.000000,-1.000000]
[311.542236,338.086182]
[631.117615,361.366486]
[-1.000000,-1.000000]
[-1.000000,-1.000000]
[-1.000000,-1.000000]
[174.003418,352.071625]
[334.160614,356.733337]
[-1.000000,-1.000000]
[-1.000000,-1.000000]
[-1.000000,-1.000000]
[-1.000000,-1.000000]
[166.084457,367.004944]
[-1.000000,-1.000000]
[363.396576,447.608673]
[370.842072,221.599167]
[410.992065,341.600555]
[385.767273,276.580627]
[419.878906,230.445297]
[336.334595,263.529602]
[365.592102,184.795807]
[433.657135,156.922165]
[-1.000000,-1.000000]
[385.741791,276.580170]
[317.368805,334.750397]
[572.119934,184.940994]
[318.416168,235.702835]
[366.433777,412.684875]
[-1.000000,-1.000000]
[360.911774,225.971039]
[-1.000000,-1.000000]
[568.974365,195.138062]
[377.488922,212.422684]
[322.057465,299.475769]
[-1.000000,-1.000000]
[-1.000000,-1.000000]
[296.786346,181.095230]
[-1.000000,-1.000000]
[159.704926,17.324547]
[419.896484,230.385513]
[265.078613,289.487152]
[-1.000000,-1.000000]
[362.837708,156.739487]
[-1.000000,-1.000000]
[443.653778,287.638916]
[365.598328,410.289825]
[174.003647,352.064301]
[480.718719,351.041779]
[360.925842,225.943924]
[368.161804,111.963928]
[-1.000000,-1.000000]
[212.962326,237.336731]
[525.144348,269.327332]
[330.940582,44.159115]
[432.120544,196.847809]
[480.705872,351.049072]
[-1.000000,-1.000000]
[363.378479,399.665619]
[-1.000000,-1.000000]
[313.285553,334.583893]
[-1.000000,-1.000000]
[419.854736,229.607697]
[-1.000000,-1.000000]
[312.531067,170.849991]
[425.446533,171.741486]
[320.024689,34.550491]
[250.224686,313.831573]
[362.837433,156.685654]
[-1.000000,-1.000000]
[-1.000000,-1.000000]
[-1.000000,-1.000000]
[407.662170,224.427185]
[285.464630,151.911804]
[-1.000000,-1.000000]
[-1.000000,-1.000000]
[364.318909,436.556244]
[241.435684,332.443909]
[454.493042,357.494812]
[-1.000000,-1.000000]
[503.596405,188.176086]
[245.179001,293.472229]
[349.073029,270.737579]
[-1.000000,-1.000000]
[441.799011,239.123337]
[-1.000000,-1.000000]
[275.037689,152.300507]
[433.140686,337.786102]
[477.265991,225.697815]
[-1.000000,-1.000000]
[301.290466,193.835434]
[-1.000000,-1.000000]
[365.598328,410.289825]
[332.108276,259.957001]
[316.191772,334.812378]
[479.577850,53.276039]
[322.057526,299.475830]
[244.562866,345.092896]
[-1.000000,-1.000000]
[287.136749,332.792603]
[-1.000000,-1.000000]
[309.464355,325.304077]
[525.133911,269.364777]
[344.687134,252.063629]
[151.026245,364.897583]
[-1.000000,-1.000000]
[166.099960,367.006226]
[-1.000000,-1.000000]
[365.594696,410.288849]
[410.274536,222.339935]
[332.700165,277.123566]
[-1.000000,-1.000000]
[-1.000000,-1.000000]
[440.695953,265.062653]
[362.839508,156.742004]
[452.857941,291.463898]
[385.745544,276.594299]
[309.536682,291.217346]
[332.947784,41.071945]
[-1.000000,-1.000000]
[572.144958,184.961197]
[244.571121,345.088013]
[410.874481,293.378387]
[441.799011,239.123337]
[-1.000000,-1.000000]
[-1.000000,-1.000000]
[424.381012,351.923035]
[-1.000000,-1.000000]
[373.350677,287.625153]
[379.841705,159.890671]
[357.869934,414.930023]
[-1.000000,-1.000000]
[309.657837,325.569519]
[479.834961,226.626190]
[-1.000000,-1.000000]
[-1.000000,-1.000000]
[271.594696,307.574402]
[354.676941,251.405670]
[159.706436,17.392664]
[-1.000000,-1.000000]
[318.416443,235.704987]
[-1.000000,-1.000000]
[-1.000000,-1.000000]
[466.054657,253.739685]
[-1.000000,-1.000000]
[424.197052,330.415955]
[458.288330,270.834198]
[-1.000000,-1.000000]
[349.309021,231.769211]
[441.798798,239.124847]
[438.220428,357.680328]
[561.767822,422.450470]
[296.340729,139.682495]
[-1.000000,-1.000000]
[295.556183,168.589325]
[-1.000000,-1.000000]
[173.239197,325.887878]
[365.599213,410.290100]
[385.676697,276.600952]
[-1.000000,-1.000000]
[-1.000000,-1.000000]
[559.262146,190.740723]
[435.376129,272.654785]
[191.580353,151.521896]
[379.771362,288.488922]
[454.484406,357.510712]
[-1.000000,-1.000000]
[-1.000000,-1.000000]
[-1.000000,-1.000000]
[454.492859,357.495331]
[290.287994,317.515442]
[476.634918,215.874344]
[393.728302,219.993423]
[-1.000000,-1.000000]
[281.707947,328.884033]
[438.219940,357.680054]
[524.651855,269.837585]
[303.078217,329.926300]
[143.060822,349.504944]
[-1.000000,-1.000000]
[296.786072,181.097748]
[-1.000000,-1.000000]
[489.723480,199.877472]
[-1.000000,-1.000000]
[428.662415,168.682999]
[305.414154,325.730225]
[355.657501,373.568695]
[479.584229,53.279587]
[-1.000000,-1.000000]
[-1.000000,-1.000000]
[387.101746,233.564468]
[382.803009,287.182709]
[360.906647,225.998520]
[449.166595,379.097382]
[360.925934,225.954865]
[525.134399,269.350403]
[428.068573,341.297668]
[276.303925,295.043274]
[450.175232,289.378326]
[377.404297,441.352356]
[341.031586,238.694412]
[421.667023,176.755341]
[-1.000000,-1.000000]
[393.731842,219.995361]
[364.811005,166.770996]
[275.159180,162.328262]
[-1.000000,-1.000000]
[473.391907,63.641171]
[362.841156,156.732544]
[368.162323,111.954277]
[302.977386,316.779327]
[419.903137,229.981155]
[-1.000000,-1.000000]
[383.460846,423.236603]
[463.070129,279.355835]
[480.546661,351.231812]
[362.573273,130.628418]
[457.331329,397.942108]
[376.125214,283.048737]
[-1.000000,-1.000000]
[-1.000000,-1.000000]
[309.008026,169.086746]
[522.291260,271.509308]
[-1.000000,-1.000000]
[383.264801,270.738983]
[422.266022,289.493439]
[480.110748,204.021317]
[129.006577,348.107269]
[-1.000000,-1.000000]
[294.416901,318.235352]
[296.787354,181.102036]
[375.538025,163.519257]
[-1.000000,-1.000000]
[338.431213,238.825211]
[560.571106,187.486679]
[299.016663,132.591309]
[385.775330,275.782959]
[-1.000000,-1.000000]
[355.640839,250.835831]
[402.748352,322.013092]
[318.416290,235.704727]
[368.158569,111.959084]
[311.618073,330.359955]
[466.843567,218.125153]
[466.051270,253.744797]
[309.452515,148.246353]
[424.322754,277.204620]
[425.156250,336.416931]
[-1.000000,-1.000000]
[415.177002,171.663620]
[-1.000000,-1.000000]
[-1.000000,-1.000000]
[416.212769,344.363068]
[-1.000000,-1.000000]
[306.930328,220.424026]
[-1.000000,-1.000000]
[-1.000000,-1.000000]
[466.036346,253.583588]
[-1.000000,-1.000000]
[243.318909,439.123749]
[297.364990,325.715271]
[489.699585,199.901245]
[143.433975,349.210266]
[-1.000000,-1.000000]
[563.586792,197.722168]
[-1.000000,-1.000000]
[356.515656,277.272552]
[374.507751,407.790039]
[331.380554,352.714447]
[337.675140,268.165222]
[309.559601,291.188599]
[325.552002,270.105408]
[410.558502,215.283447]
[380.771362,286.469177]
[360.900574,226.010223]
[425.327026,347.199097]
[279.990417,171.813690]
[473.520874,201.601807]
[407.501129,188.310699]
[326.342163,207.896820]
[489.700409,199.907669]
[-1.000000,-1.000000]
[-1.000000,-1.000000]
[479.577515,53.282078]
[-1.000000,-1.000000]
[466.050018,253.585526]
[-1.000000,-1.000000]
[-1.000000,-1.000000]
[369.840546,439.000671]
[288.707062,322.044983]
[-1.000000,-1.000000]
[-1.000000,-1.000000]
[572.134094,184.967697]
[331.333893,251.951752]
[295.808502,317.861572]
[-1.000000,-1.000000]
[295.324402,191.430573]
[474.837982,210.559402]
[277.313995,302.230438]
[-1.000000,-1.000000]
[322.054688,299.477661]
[-1.000000,-1.000000]
[454.486084,357.507874]
[-1.000000,-1.000000]
[309.465210,325.304840]
[466.843628,218.123108]
[-1.000000,-1.000000]
[-1.000000,-1.000000]
[-1.000000,-1.000000]
[412.873840,343.090454]
[-1.000000,-1.000000]
[458.582733,255.418793]
[-1.000000,-1.000000]
[-1.000000,-1.000000]
[412.733276,364.713623]
[378.376373,226.983383]
[-1.000000,-1.000000]
[250.241882,311.405701]
[397.849915,295.341675]
[-1.000000,-1.000000]
[469.008423,57.181717]
[-1.000000,-1.000000]
[385.721832,276.584381]
[430.974426,137.389496]
[278.052368,166.174271]
[290.598999,327.508423]
[-1.000000,-1.000000]
[-1.000000,-1.000000]
[455.481415,293.188843]
[-1.000000,-1.000000]
[111.026436,436.780396]
[369.525543,279.534332]
[406.850037,318.894318]
[369.695557,277.961273]
[-1.000000,-1.000000]
[419.889099,230.443253]
[373.248718,286.258881]
[-1.000000,-1.000000]
[365.598328,410.289825]
[384.322540,133.730652]
[-1.000000,-1.000000]
[-1.000000,-1.000000]
[309.320068,198.053085]
[562.024780,422.080292]
[388.577789,175.314194]
[381.150848,443.134674]
[-1.000000,-1.000000]
[-1.000000,-1.000000]
[-1.000000,-1.000000]
[-1.000000,-1.000000]
[364.104126,173.896271]
[-1.000000,-1.000000]
[415.101776,368.938751]
[410.974335,367.843140]
[296.781952,181.079819]
[-1.000000,-1.000000]
[466.851624,218.109818]
[276.020081,321.831085]
[360.885986,225.970398]
[312.122009,166.746689]
[-1.000000,-1.000000]
[309.601807,171.716293]
[308.811401,155.323242]
[188.552475,366.609161]
[-1.000000,-1.000000]
[438.950134,193.791245]
[-1.000000,-1.000000]
[322.472961,345.979828]
[-1.000000,-1.000000]
[-1.000000,-1.000000]
[381.010803,269.638184]
[489.469147,200.393600]
[-1.000000,-1.000000]
[-1.000000,-1.000000]
[362.835846,156.688034]
[-1.000000,-1.000000]
[367.477539,277.783783]
[-1.000000,-1.000000]
[-1.000000,-1.000000]
[300.100769,319.067047]
[313.957092,365.993225]
[-1.000000,-1.000000]
[385.736572,276.585144]
[-1.000000,-1.000000]
[460.238159,414.982666]
[352.328705,375.153290]
[-1.000000,-1.000000]
[-1.000000,-1.000000]
[635.397034,376.888977]
[-1.000000,-1.000000]
[-1.000000,-1.000000]
[-1.000000,-1.000000]
[320.106018,281.804932]
[-1.000000,-1.000000]
[292.335419,309.586700]
[340.450073,303.773193]
[364.103790,173.879959]
[322.419891,314.774078]
[296.517883,139.864258]
[-1.000000,-1.000000]
[275.202179,162.593170]
[-1.000000,-1.000000]
[-1.000000,-1.000000]
[-1.000000,-1.000000]
[364.787231,181.236847]
[432.026062,334.616058]
[427.761292,162.777527]
[-1.000000,-1.000000]
[275.233521,153.071869]
[-1.000000,-1.000000]
[258.447235,284.708221]
[287.020142,301.673279]
[-1.000000,-1.000000]
[159.707565,17.402260]
[-1.000000,-1.000000]
[390.886139,446.860352]
[349.152191,379.407074]
[438.189178,357.695496]
[302.319855,326.063202]
[-1.000000,-1.000000]
[-1.000000,-1.000000]
[359.782074,384.249603]
[-1.000000,-1.000000]
[152.962051,360.907135]
[438.125916,133.160370]
[-1.000000,-1.000000]
[-1.000000,-1.000000]
[-1.000000,-1.000000]
[291.668274,321.531036]
[-1.000000,-1.000000]
[277.477783,303.786438]
[296.343140,139.677704]
[-1.000000,-1.000000]
[-1.000000,-1.000000]
[-1.000000,-1.000000]
[275.161285,162.337860]
[-1.000000,-1.000000]
[445.033173,393.404480]
[-1.000000,-1.000000]
[-1.000000,-1.000000]
[318.417023,235.703644]
[296.761261,181.036285]
[-1.000000,-1.000000]
[-1.000000,-1.000000]
[289.569824,319.878082]
[-1.000000,-1.000000]
[-1.000000,-1.000000]
[-1.000000,-1.000000]
[608.637756,303.337860]
[393.725433,219.996033]
[445.037689,393.382965]
[-1.000000,-1.000000]
[120.651199,429.129517]
[-1.000000,-1.000000]
[466.034821,253.567734]
[-1.000000,-1.000000]
[352.501617,417.268768]
[-1.000000,-1.000000]
[320.150208,240.408905]
[-1.000000,-1.000000]
[359.030975,406.848206]
[400.239868,412.689301]
[-1.000000,-1.000000]
[-1.000000,-1.000000]
[441.799622,239.124863]
[-1.000000,-1.000000]
[407.422760,215.487610]
[362.386963,174.599319]
[-1.000000,-1.000000]
[-1.000000,-1.000000]
[-1.000000,-1.000000]
[341.613068,267.233856]
[340.205475,295.448517]
[-1.000000,-1.000000]
[463.406982,228.154861]
[-1.000000,-1.000000]
[-1.000000,-1.000000]
[396.538330,431.701019]
[479.586487,53.270630]
[-1.000000,-1.000000]
[411.501709,374.642670]
[305.984589,21.934652]
[511.109283,287.593536]
[393.729645,219.983093]
[320.021515,34.556141]
[-1.000000,-1.000000]
[-1.000000,-1.000000]
[380.044708,133.247742]
[397.873596,295.352386]
[-1.000000,-1.000000]
[490.136322,198.918472]
[411.455048,358.375427]
[445.034943,393.395294]
[454.484406,357.510712]
[392.644958,310.707397]
[300.565338,207.179733]
[353.780670,287.835846]
[430.007996,140.321533]
[457.518921,343.787720]
[407.196930,418.538666]
[437.236481,260.171265]
[458.868439,264.956055]
[-1.000000,-1.000000]
[-1.000000,-1.000000]
[310.686005,290.290833]
[-1.000000,-1.000000]
[296.895416,154.279251]
[-1.000000,-1.000000]
[173.998154,352.069489]
[535.488586,271.225281]
[-1.000000,-1.000000]
[441.804626,239.123199]
[-1.000000,-1.000000]
[296.763885,181.033966]
[-1.000000,-1.000000]
[-1.000000,-1.000000]
[-1.000000,-1.000000]
[480.526672,351.246216]
[-1.000000,-1.000000]
[275.877289,292.449768]
[322.057526,299.475830]
[-1.000000,-1.000000]
[-1.000000,-1.000000]
[166.084457,367.004944]
[-1.000000,-1.000000]
[-1.000000,-1.000000]
[426.469543,192.490753]
[-1.000000,-1.000000]
[274.086609,302.880066]
[-1.000000,-1.000000]
[-1.000000,-1.000000]
[382.759521,116.690018]
[414.378113,318.698730]
[390.799103,291.192688]
[403.121429,296.321167]
[-1.000000,-1.000000]
[489.960358,201.160309]
[-1.000000,-1.000000]
[-1.000000,-1.000000]
[411.394928,193.873016]
[438.177765,357.735901]
[-1.000000,-1.000000]
[-1.000000,-1.000000]
[379.081879,113.074745]
[-1.000000,-1.000000]
[-1.000000,-1.000000]
[377.772430,155.553421]
[401.469299,186.760956]
[-1.000000,-1.000000]
[-1.000000,-1.000000]
[-1.000000,-1.000000]
[-1.000000,-1.000000]
[244.569458,345.091797]
[-1.000000,-1.000000]
[332.295258,36.968349]
[-1.000000,-1.000000]
[274.124634,166.277420]
[366.011108,182.213562]
[322.132111,218.844147]
[-1.000000,-1.000000]
[-1.000000,-1.000000]
[-1.000000,-1.000000]
[426.567719,293.654907]
[-1.000000,-1.000000]
[305.372467,315.069153]
[-1.000000,-1.000000]
[-1.000000,-1.000000]
[406.370789,415.011566]
[327.615387,226.588089]
[143.165070,349.425140]
[-1.000000,-1.000000]
[412.685852,275.995575]
[376.141205,443.284302]
[382.614288,417.729767]
[466.785187,218.188431]
[-1.000000,-1.000000]
[-1.000000,-1.000000]
[-1.000000,-1.000000]
[-1.000000,-1.000000]
[-1.000000,-1.000000]
[-1.000000,-1.000000]
[-1.000000,-1.000000]
[393.730927,219.984116]
[-1.000000,-1.000000]
[381.025970,269.640442]
[479.587646,53.277973]
[-1.000000,-1.000000]
[-1.000000,-1.000000]
[374.221039,168.536743]
[-1.000000,-1.000000]
[-1.000000,-1.000000]
[-1.000000,-1.000000]
[-1.000000,-1.000000]
[-1.000000,-1.000000]
[401.127350,274.767487]
[-1.000000,-1.000000]
[456.217041,231.346146]
[-1.000000,-1.000000]
[444.071075,412.260651]
[432.637054,185.523499]
[-1.000000,-1.000000]
[320.010986,34.580620]
[-1.000000,-1.000000]
[-1.000000,-1.000000]
[-1.000000,-1.000000]
[273.154785,303.437927]
[-1.000000,-1.000000]
[244.569427,345.084534]
[-1.000000,-1.000000]
[318.842590,236.461761]
[407.800262,352.279938]
[363.402252,399.668304]
[454.996887,258.428650]
[381.032837,269.643311]
[451.482727,257.225281]
[-1.000000,-1.000000]
[-1.000000,-1.000000]
[-1.000000,-1.000000]
[-1.000000,-1.000000]
[-1.000000,-1.000000]
[478.860504,212.788071]
[-1.000000,-1.000000]
[-1.000000,-1.000000]
[-1.000000,-1.000000]
[366.013763,172.773376]
[-1.000000,-1.000000]
[-1.000000,-1.000000]
[112.635574,410.904816]
[438.238831,357.681946]
[432.120544,196.847809]
[341.508942,308.617340]
[393.730896,219.996002]
[-1.000000,-1.000000]
[631.117615,361.366486]
[373.344727,165.692596]
[356.983429,368.576935]
[-1.000000,-1.000000]
[159.869263,366.939117]
[399.349152,425.956818]
[312.901337,330.516724]
[-1.000000,-1.000000]
[-1.000000,-1.000000]
[296.520447,139.870148]
[361.556030,167.881699]
[-1.000000,-1.000000]
[275.128357,171.370224]
[-1.000000,-1.000000]
[-1.000000,-1.000000]
[255.756027,288.238983]
[-1.000000,-1.000000]
[-1.000000,-1.000000]
[608.638794,303.341217]
[572.108398,184.938339]
