[342.109467,201.869370]
[262.130066,131.744003]
[154.643967,158.179840]
[-1.000000,-1.000000]
[297.113831,27.750294]
[319.528198,5.862223]
[314.123322,284.194519]
[286.061432,25.458717]
[-1.000000,-1.000000]
[312.908203,15.435126]
[-1.000000,-1.000000]
[315.211304,40.010323]
[299.178680,-7.546131]
[-1.000000,-1.000000]
[303.226532,27.830297]
[287.410126,13.250088]
[-1.000000,-1.000000]
[-1.000000,-1.000000]
[320.885773,12.988031]
[307.168579,70.756775]
[297.728790,27.578381]
[333.047272,243.319748]
[-1.000000,-1.000000]
[333.059204,243.135162]
[299.170105,-1.651052]
[-1.000000,-1.000000]
[-1.000000,-1.000000]
[-1.000000,-1.000000]
[-1.000000,-1.000000]
[-1.000000,-1.000000]
[-1.000000,-1.000000]
[321.631042,12.176495]
[344.730774,189.423172]
[281.812347,28.623672]
[-1.000000,-1.000000]
[64.272873,256.284302]
[344.726074,189.419556]
[479.207550,138.872498]
[475.736237,128.616364]
[301.983612,0.444831]
[380.514954,389.216736]
[15.579231,249.799271]
[-1.000000,-1.000000]
[15.579289,249.792953]
[64.313911,256.307343]
[303.226410,27.830936]
[285.504761,322.467377]
[-1.000000,-1.000000]
[292.254303,92.042389]
[60.515156,256.090942]
[342.103027,201.881012]
[494.252960,236.355972]
[-1.000000,-1.000000]
[318.425629,10.261568]
[309.792877,66.072708]
[290.414062,8.674780]
[329.791168,6.464837]
[-1.000000,-1.000000]
[460.713470,315.673126]
[166.737793,276.904968]
[293.142029,144.507416]
[380.513947,389.218903]
[315.211670,40.009205]
[453.571930,332.897003]
[-1.000000,-1.000000]
[-1.000000,-1.000000]
[475.737762,128.618835]
[460.415527,315.011719]
[314.118011,284.191467]
[347.197754,257.573303]
[460.416992,315.014435]
[-1.000000,-1.000000]
[364.745819,393.527283]
[-1.000000,-1.000000]
[293.530243,90.779282]
[-1.000000,-1.000000]
[318.811584,16.379013]
[479.173157,135.702209]
[283.434204,33.684780]
[-1.000000,-1.000000]
[293.341797,144.548264]
[308.267426,68.417328]
[-1.000000,-1.000000]
[-1.000000,-1.000000]
[378.261658,376.596008]
[154.370758,153.951675]
[-1.000000,-1.000000]
[-1.000000,-1.000000]
[262.300293,311.933044]
[-1.000000,-1.000000]
[495.079559,250.871307]
[333.046906,243.317337]
[-1.000000,-1.000000]
[-1.000000,-1.000000]
[303.236328,27.837429]
[441.083374,333.179443]
[487.658081,258.345367]
[265.101685,66.229309]
[241.524506,83.474243]
[306.103699,146.518997]
[461.063202,316.675232]
[-1.000000,-1.000000]
[15.528738,249.790146]
[240.919159,85.278610]
[262.130005,131.743851]
[479.205566,138.876007]
[-1.000000,-1.000000]
[-1.000000,-1.000000]
[-1.000000,-1.000000]
[323.768677,147.995270]
[-1.000000,-1.000000]
[187.491394,288.391724]
[354.623535,205.738159]
[172.719971,280.254425]
[-1.000000,-1.000000]
[292.354034,33.259953]
[453.005798,221.513626]
[-1.000000,-1.000000]
[-1.000000,-1.000000]
[154.645905,158.180206]
[-1.000000,-1.000000]
[462.037842,121.791634]
[379.127747,383.684113]
[494.037048,236.012772]
[285.527740,322.483643]
[267.474060,142.351425]
[314.853729,52.800175]
[-1.000000,-1.000000]
[280.845551,141.168274]
[275.568787,144.784241]
[172.821350,280.304321]
[201.495453,294.019501]
[-1.000000,-1.000000]
[-1.000000,-1.000000]
[273.257568,316.304077]
[-1.000000,-1.000000]
[354.633972,205.742035]
[478.352020,228.998428]
[-1.000000,-1.000000]
[355.740845,205.857819]
[338.513458,146.395538]
[342.480682,255.485184]
[-1.000000,-1.000000]
[219.429855,218.794739]
[-1.000000,-1.000000]
[300.848602,289.768768]
[315.211700,40.012146]
[-1.000000,-1.000000]
[-1.000000,-1.000000]
[275.151154,219.719101]
[130.606827,257.887665]
[352.486450,240.529556]
[296.987274,27.783436]
[314.120300,284.194489]
[240.304245,79.104546]
[380.519989,389.208832]
[297.619873,14.107724]
[352.471527,240.524704]
[-1.000000,-1.000000]
[449.923065,122.814857]
[292.442505,168.924210]
[330.806183,36.185215]
[371.142822,403.243164]
[344.432129,240.840988]
[-1.000000,-1.000000]
[-1.000000,-1.000000]
[-1.000000,-1.000000]
[-1.000000,-1.000000]
[-1.000000,-1.000000]
[451.189484,122.186432]
[308.775940,13.058860]
[76.742905,258.088074]
[248.881256,78.627045]
[-1.000000,-1.000000]
[-1.000000,-1.000000]
[295.667358,216.556595]
[-1.000000,-1.000000]
[4.949114,248.713211]
[379.137115,383.715149]
[240.906006,85.288223]
[315.211792,40.015408]
[-1.000000,-1.000000]
[-1.000000,-1.000000]
[338.540253,146.391907]
[262.291534,311.937042]
[447.682068,220.849030]
[292.446838,168.893799]
[292.356110,33.259071]
[-1.000000,-1.000000]
[-1.000000,-1.000000]
[323.774902,148.002121]
[-1.000000,-1.000000]
[305.598053,146.881866]
[-1.000000,-1.000000]
[-1.000000,-1.000000]
[-1.000000,-1.000000]
[494.286499,236.404663]
[379.144165,383.702332]
[-1.000000,-1.000000]
[258.185577,227.005997]
[-1.000000,-1.000000]
[-1.000000,-1.000000]
[448.002930,220.467865]
[146.095276,260.844910]
[303.229248,27.831779]
[-1.000000,-1.000000]
[266.868896,55.684689]
[-1.000000,-1.000000]
[-1.000000,-1.000000]
[292.270538,92.024246]
[-1.000000,-1.000000]
[-1.000000,-1.000000]
[-1.000000,-1.000000]
[332.199127,148.555252]
[419.300446,312.389526]
[-1.000000,-1.000000]
[-1.000000,-1.000000]
[300.426575,292.176727]
[-1.000000,-1.000000]
[270.001892,247.178528]
[-1.000000,-1.000000]
[-1.000000,-1.000000]
[-1.000000,-1.000000]
[-1.000000,-1.000000]
[-1.000000,-1.000000]
[-1.000000,-1.000000]
[-1.000000,-1.000000]
[-1.000000,-1.000000]
[462.488220,124.220848]
[-1.000000,-1.000000]
[-1.000000,-1.000000]
[262.886719,119.639465]
[35.639618,250.608749]
[247.756760,132.977173]
[-1.000000,-1.000000]
[279.852722,90.439339]
[-1.000000,-1.000000]
[271.050232,82.802681]
[463.926666,124.381126]
[331.549561,-14.424273]
[-1.000000,-1.000000]
[283.748932,217.737427]
[-1.000000,-1.000000]
[350.967316,241.786804]
[213.898743,286.195709]
[-1.000000,-1.000000]
[452.592194,308.709473]
[473.995453,226.736816]
[258.627197,144.619522]
[458.030548,122.318825]
[-1.000000,-1.000000]
[266.924500,300.015503]
[241.527176,83.472130]
[352.480377,240.525558]
[-1.000000,-1.000000]
[-1.000000,-1.000000]
[308.227448,68.490471]
[399.664307,228.491623]
[241.462158,83.527641]
[-1.000000,-1.000000]
[-1.000000,-1.000000]
[241.476395,83.516510]
[-1.000000,-1.000000]
[-1.000000,-1.000000]
[-1.000000,-1.000000]
[262.132904,131.737061]
[-1.000000,-1.000000]
[340.300781,217.225327]
[375.143921,372.550262]
[-1.000000,-1.000000]
[-1.000000,-1.000000]
[-1.000000,-1.000000]
[268.851532,119.809532]
[438.409180,123.255531]
[247.655487,128.915512]
[371.700348,392.663879]
[171.794128,279.753967]
[243.808456,83.139282]
[293.136658,144.505905]
[-1.000000,-1.000000]
[354.226013,205.339752]
[150.172989,172.375900]
[269.999512,247.178757]
[-1.000000,-1.000000]
[146.095062,260.844910]
[-1.000000,-1.000000]
[271.076141,82.772354]
[163.384232,275.522980]
[420.970398,141.179077]
[-1.000000,-1.000000]
[-1.000000,-1.000000]
[278.658386,101.131699]
[283.033508,299.523132]
[-1.000000,-1.000000]
[-1.000000,-1.000000]
[-1.000000,-1.000000]
[333.045776,243.314514]
[282.784332,103.891914]
[314.389709,302.452332]
[296.276184,216.471603]
[275.047760,94.066223]
[-1.000000,-1.000000]
[297.603577,27.596218]
[-1.000000,-1.000000]
[-1.000000,-1.000000]
[-1.000000,-1.000000]
[400.235931,156.740250]
[-1.000000,-1.000000]
[-1.000000,-1.000000]
[-1.000000,-1.000000]
[67.702393,243.454300]
[396.157471,224.742218]
[371.917480,403.459778]
[289.830963,8.621837]
[379.141418,383.720520]
[468.378876,146.730484]
[295.682678,216.546875]
[-1.000000,-1.000000]
[154.642944,158.184448]
[-1.000000,-1.000000]
[-1.000000,-1.000000]
[453.196564,333.085754]
[371.141785,403.237518]
[39.494255,241.199234]
[219.443253,218.790863]
[343.630280,155.488235]
[379.140869,383.699738]
[237.758484,105.474495]
[-1.000000,-1.000000]
[-1.000000,-1.000000]
[-1.000000,-1.000000]
[14.241199,237.349091]
[260.807526,122.385124]
[-1.000000,-1.000000]
[232.904831,123.764282]
[285.475555,322.432892]
[451.182465,122.188316]
[171.793091,279.753387]
[-1.000000,-1.000000]
[59.708302,243.418213]
[-1.000000,-1.000000]
[200.687012,273.124207]
[292.443207,168.928772]
[-1.000000,-1.000000]
[57.684891,245.163742]
[-1.000000,-1.000000]
[224.038254,204.981171]
[363.366821,377.823029]
[285.539154,322.494446]
[249.755371,232.619171]
[342.101990,201.880798]
[-1.000000,-1.000000]
[207.882843,106.613861]
[-1.000000,-1.000000]
[188.971954,270.673218]
[371.712402,392.657349]
[-1.000000,-1.000000]
[172.732285,280.261261]
[468.922852,242.167511]
[167.672623,143.439407]
[-1.000000,-1.000000]
[-1.000000,-1.000000]
[223.354141,120.666397]
[-1.000000,-1.000000]
[279.471313,315.299225]
[266.083679,115.549614]
[259.167603,303.780365]
[-1.000000,-1.000000]
[326.035034,170.803131]
[297.995544,155.554886]
[271.051178,82.785553]
[219.446487,218.790863]
[270.876862,208.321869]
[272.888367,51.075020]
[-1.000000,-1.000000]
[-1.000000,-1.000000]
[270.001099,247.176834]
[278.904938,202.485397]
[-1.000000,-1.000000]
[342.376770,264.059753]
[292.445099,168.905548]
[-1.000000,-1.000000]
[-1.000000,-1.000000]
[-1.000000,-1.000000]
[-1.000000,-1.000000]
[453.365906,237.170853]
[313.778137,159.627121]
[-1.000000,-1.000000]
[-1.000000,-1.000000]
[401.796967,235.029938]
[277.590271,108.701241]
[223.372467,120.612427]
[281.504761,189.606094]
[-1.000000,-1.000000]
[379.133270,383.671631]
[-1.000000,-1.000000]
[-1.000000,-1.000000]
[-1.000000,-1.000000]
[-1.000000,-1.000000]
[248.062973,133.041199]
[342.669800,227.407364]
[-1.000000,-1.000000]
[-1.000000,-1.000000]
[-1.000000,-1.000000]
[211.815521,235.850555]
[327.621887,157.625397]
[-1.000000,-1.000000]
[-1.000000,-1.000000]
[-1.000000,-1.000000]
[270.550842,235.591690]
[-1.000000,-1.000000]
[-1.000000,-1.000000]
[-1.000000,-1.000000]
[-1.000000,-1.000000]
[-1.000000,-1.000000]
[-1.000000,-1.000000]
[354.618042,205.736191]
[-1.000000,-1.000000]
[-1.000000,-1.000000]
[320.501038,194.564117]
[309.897675,154.388428]
[285.583801,152.298126]
[-1.000000,-1.000000]
[258.532715,303.484680]
[241.465088,83.524330]
[287.342377,156.747650]
[392.482697,232.666718]
[250.562866,231.956573]
[-1.000000,-1.000000]
[408.209259,300.637543]
[323.356262,257.200745]
[-1.000000,-1.000000]
[-1.000000,-1.000000]
[342.837891,212.821030]
[13.358903,246.965942]
[306.591614,269.568512]
[-1.000000,-1.000000]
[287.637726,42.675842]
[-1.000000,-1.000000]
[365.145020,373.883759]
[-1.000000,-1.000000]
[260.469635,203.992401]
[-1.000000,-1.000000]
[459.598267,241.750717]
[251.922943,289.283905]
[461.097260,316.749329]
[297.048676,27.767147]
[334.975311,256.745300]
[258.186005,227.006042]
[-1.000000,-1.000000]
[-1.000000,-1.000000]
[292.442902,168.927490]
[-1.000000,-1.000000]
[371.707428,392.659576]
[262.132507,131.735901]
[212.774124,281.498474]
[461.955566,235.220490]
[-1.000000,-1.000000]
[-1.000000,-1.000000]
[468.794708,225.053680]
[266.326172,210.375473]
[-1.000000,-1.000000]
[310.090210,159.423660]
[323.763123,148.002182]
[292.263336,92.032913]
[-1.000000,-1.000000]
[-1.000000,-1.000000]
[-1.000000,-1.000000]
[-1.000000,-1.000000]
[371.721008,392.652191]
[264.416321,149.892822]
[217.086334,206.002213]
[-1.000000,-1.000000]
[400.618530,142.467529]
[370.086426,365.925140]
[285.473969,322.431580]
[324.480957,160.145828]
[-1.000000,-1.000000]
[404.513275,225.617401]
[284.831696,302.547943]
[5.338087,248.873962]
[-1.000000,-1.000000]
[265.902344,298.374084]
[-1.000000,-1.000000]
[-1.000000,-1.000000]
[440.186615,137.690536]
[210.028519,217.503036]
[-1.000000,-1.000000]
[271.304993,307.244110]
[318.596252,305.367493]
[-1.000000,-1.000000]
[-1.000000,-1.000000]
[236.147003,127.527794]
[218.243530,131.837219]
[193.467911,258.020325]
[249.753357,232.619995]
[-1.000000,-1.000000]
[-1.000000,-1.000000]
[-1.000000,-1.000000]
[-1.000000,-1.000000]
[58.241184,244.057190]
[-1.000000,-1.000000]
[-1.000000,-1.000000]
[-1.000000,-1.000000]
[-1.000000,-1.000000]
[-1.000000,-1.000000]
[-1.000000,-1.000000]
[342.097595,201.885773]
[330.580597,262.999023]
[257.667755,227.276428]
[-1.000000,-1.000000]
[386.365204,239.623199]
[454.846191,331.974854]
[-1.000000,-1.000000]
[410.685181,310.786255]
[-1.000000,-1.000000]
[240.447372,212.480362]
[332.918243,160.174377]
[-1.000000,-1.000000]
[-1.000000,-1.000000]
[-1.000000,-1.000000]
[448.825104,233.073822]
[-1.000000,-1.000000]
[-1.000000,-1.000000]
[-1.000000,-1.000000]
[219.429596,218.792725]
[334.656799,162.220322]
[286.321869,304.123962]
[-1.000000,-1.000000]
[-1.000000,-1.000000]
[-1.000000,-1.000000]
[-1.000000,-1.000000]
[280.787262,224.358047]
[193.536713,228.607239]
[212.992981,229.891052]
[-1.000000,-1.000000]
[330.504456,150.419586]
[275.308258,198.564621]
[-1.000000,-1.000000]
[327.891571,266.093140]
[-1.000000,-1.000000]
[-1.000000,-1.000000]
[292.447754,168.897461]
[-1.000000,-1.000000]
[-1.000000,-1.000000]
[-1.000000,-1.000000]
[296.505981,65.307892]
[-1.000000,-1.000000]
[318.634125,239.936661]
[-1.000000,-1.000000]
[-1.000000,-1.000000]
[287.510132,314.060913]
[354.048462,270.269226]
[254.860641,214.543625]
[380.521515,389.205933]
[375.411743,281.139618]
[-1.000000,-1.000000]
[58.231838,245.261414]
[-1.000000,-1.000000]
[-1.000000,-1.000000]
[-1.000000,-1.000000]
[247.628937,97.719810]
[-1.000000,-1.000000]
[306.251617,266.395630]
[334.982880,368.531342]
[303.917053,272.183441]
[-1.000000,-1.000000]
[-1.000000,-1.000000]
[-1.000000,-1.000000]
[-1.000000,-1.000000]
[258.180969,227.007797]
[-1.000000,-1.000000]
[379.868805,158.395844]
[-1.000000,-1.000000]
[374.050751,153.762161]
[324.479370,204.007080]
[228.711136,133.530930]
[-1.000000,-1.000000]
[328.746826,265.230957]
[-1.000000,-1.000000]
[460.874725,233.752716]
[219.432800,218.793350]
[-1.000000,-1.000000]
[-1.000000,-1.000000]
[276.505341,151.890091]
[-1.000000,-1.000000]
[241.521881,83.476746]
[-1.000000,-1.000000]
[223.371933,120.610474]
[-1.000000,-1.000000]
[259.573425,303.972809]
[299.332397,7.486950]
[269.995117,247.169769]
[476.035004,240.501602]
[256.606903,244.676498]
[-1.000000,-1.000000]
[163.384247,275.523376]
[-1.000000,-1.000000]
[-1.000000,-1.000000]
[440.486694,314.798798]
[-1.000000,-1.000000]
[-1.000000,-1.000000]
[-1.000000,-1.000000]
[404.866852,235.777573]
[297.752441,297.200409]
[300.796082,160.342484]
[349.126831,169.565796]
[329.571136,227.303635]
[223.367538,120.605530]
[309.212280,162.131683]
[-1.000000,-1.000000]
[319.401215,246.407913]
[-1.000000,-1.000000]
[-1.000000,-1.000000]
[-1.000000,-1.000000]
[-1.000000,-1.000000]
[330.150909,216.951202]
[314.118713,284.191742]
[201.198105,293.783417]
[-1.000000,-1.000000]
[-1.000000,-1.000000]
[170.512619,266.956665]
[26.793907,154.187653]
[-1.000000,-1.000000]
[291.493195,227.561676]
[317.430969,263.070251]
[243.360840,125.714012]
[-1.000000,-1.000000]
[323.056610,265.115479]
[-1.000000,-1.000000]
[-1.000000,-1.000000]
[144.254227,250.244965]
[-1.000000,-1.000000]
[325.135559,232.952469]
[238.353592,283.844910]
[255.603806,208.552948]
[43.272743,244.715088]
[-1.000000,-1.000000]
[294.325378,316.655914]
[-1.000000,-1.000000]
[208.089157,116.096985]
[247.044693,132.668198]
[344.602722,272.719910]
[-1.000000,-1.000000]
[344.721741,189.419083]
[249.584152,250.186401]
[404.959839,225.893738]
[333.049438,243.332184]
[-1.000000,-1.000000]
[-1.000000,-1.000000]
[-1.000000,-1.000000]
[271.209564,202.226562]
[-1.000000,-1.000000]
[352.488342,240.526978]
[267.841919,265.937714]
[-1.000000,-1.000000]
[298.362793,283.123169]
[424.207001,315.278778]
[-1.000000,-1.000000]
[-1.000000,-1.000000]
[333.059601,243.130844]
[-1.000000,-1.000000]
[272.892609,154.813583]
[-1.000000,-1.000000]
[-1.000000,-1.000000]
[293.338867,144.547150]
[-1.000000,-1.000000]
[-1.000000,-1.000000]
[354.634369,205.742676]
[-1.000000,-1.000000]
[-1.000000,-1.000000]
[296.271118,216.475266]
[315.211304,40.010296]
[206.427917,227.210815]
[-1.000000,-1.000000]
[-1.000000,-1.000000]
[141.587433,157.996597]
[314.122375,284.197479]
[352.884064,273.001404]
[293.315460,82.128220]
[-1.000000,-1.000000]
[476.723053,234.303375]
[-1.000000,-1.000000]
[319.527802,195.287857]
[309.204437,303.114014]
[-1.000000,-1.000000]
[-1.000000,-1.000000]
[305.799744,304.588226]
[146.096420,260.845581]
[282.685486,176.156647]
[-1.000000,-1.000000]
[458.411774,131.161148]
[-1.000000,-1.000000]
[349.145813,286.624634]
[253.155334,146.454712]
[-1.000000,-1.000000]
[-1.000000,-1.000000]
[-1.000000,-1.000000]
[-1.000000,-1.000000]
[240.919891,85.277985]
[334.577820,227.127228]
[-1.000000,-1.000000]
[-1.000000,-1.000000]
[-1.000000,-1.000000]
[15.517195,249.801407]
[439.385132,237.478943]
[340.933624,158.593246]
[-1.000000,-1.000000]
[259.034149,303.714813]
[-1.000000,-1.000000]
[308.942841,152.413910]
[-1.000000,-1.000000]
[314.121521,284.194672]
[-1.000000,-1.000000]
[271.052551,82.779434]
[261.081573,94.027534]
[-1.000000,-1.000000]
[-1.000000,-1.000000]
[-1.000000,-1.000000]
[-1.000000,-1.000000]
[352.480042,240.525543]
[-1.000000,-1.000000]
[-1.000000,-1.000000]
[437.227448,143.610077]
[248.876938,78.636642]
[-1.000000,-1.000000]
[300.412415,310.392975]
[-1.000000,-1.000000]
[-1.000000,-1.000000]
[-1.000000,-1.000000]
[442.303864,322.634247]
[455.427734,130.755905]
[-1.000000,-1.000000]
[274.168671,262.041107]
[264.324646,199.549606]
[-1.000000,-1.000000]
[-1.000000,-1.000000]
[-1.000000,-1.000000]
[372.176331,230.186966]
[-1.000000,-1.000000]
[271.017761,82.838394]
[-1.000000,-1.000000]
[359.028595,384.156403]
[-1.000000,-1.000000]
[-1.000000,-1.000000]
[381.427826,216.026505]
[-1.000000,-1.000000]
[-1.000000,-1.000000]
[-1.000000,-1.000000]
[333.518738,168.289383]
[-1.000000,-1.000000]
[240.902283,85.291206]
[-1.000000,-1.000000]
[392.083862,162.729080]
[-1.000000,-1.000000]
[-1.000000,-1.000000]
[-1.000000,-1.000000]
[-1.000000,-1.000000]
[-1.000000,-1.000000]
[-1.000000,-1.000000]
[-1.000000,-1.000000]
[269.999847,247.181503]
[295.528442,46.745499]
[191.775421,265.608063]
[292.443329,168.935059]
[-1.000000,-1.000000]
[-1.000000,-1.000000]
[-1.000000,-1.000000]
[-1.000000,-1.000000]
[-1.000000,-1.000000]
[187.041779,263.646851]
[-1.000000,-1.000000]
[-1.000000,-1.000000]
[-1.000000,-1.000000]
[-1.000000,-1.000000]
[-1.000000,-1.000000]
[-1.000000,-1.000000]
[379.119080,383.650787]
[-1.000000,-1.000000]
[-1.000000,-1.000000]
[-1.000000,-1.000000]
[-1.000000,-1.000000]
[-1.000000,-1.000000]
[-1.000000,-1.000000]
[-1.000000,-1.000000]
[-1.000000,-1.000000]
[307.708862,172.766785]
