[391.878357,239.517456]
[196.290863,174.103577]
[319.765045,154.035049]
[346.954529,316.174072]
[354.193695,61.429596]
[354.172485,61.438034]
[-1.000000,-1.000000]
[383.802734,282.959229]
[-1.000000,-1.000000]
[-1.000000,-1.000000]
[-1.000000,-1.000000]
[-1.000000,-1.000000]
[190.535889,170.792816]
[63.289413,279.152985]
[-1.000000,-1.000000]
[383.289215,283.297028]
[-1.000000,-1.000000]
[-1.000000,-1.000000]
[396.232147,229.814880]
[-1.000000,-1.000000]
[375.047943,51.322853]
[564.203857,190.207306]
[-1.000000,-1.000000]
[319.764069,154.034836]
[-1.000000,-1.000000]
[-1.000000,-1.000000]
[-1.000000,-1.000000]
[332.413330,161.021622]
[-1.000000,-1.000000]
[-1.000000,-1.000000]
[530.663208,372.005615]
[-1.000000,-1.000000]
[-1.000000,-1.000000]
[581.068054,328.242523]
[412.556396,306.255859]
[-1.000000,-1.000000]
[354.172668,61.439259]
[-1.000000,-1.000000]
[-1.000000,-1.000000]
[388.435272,295.047516]
[564.178589,190.162033]
[559.027405,183.041519]
[17.887793,272.520813]
[-1.000000,-1.000000]
[569.174622,336.888031]
[-1.000000,-1.000000]
[-1.000000,-1.000000]
[305.374115,351.717316]
[528.198364,387.847137]
[376.574677,93.374100]
[578.347839,310.264313]
[395.025269,297.876740]
[530.700073,372.062012]
[-1.000000,-1.000000]
[-1.000000,-1.000000]
[-1.000000,-1.000000]
[378.393219,71.164551]
[343.794495,125.478020]
[-1.000000,-1.000000]
[-1.000000,-1.000000]
[-1.000000,-1.000000]
[-1.000000,-1.000000]
[-1.000000,-1.000000]
[305.375031,351.715881]
[319.761536,154.031906]
[-1.000000,-1.000000]
[343.969086,332.864075]
[-1.000000,-1.000000]
[429.274780,451.180145]
[-1.000000,-1.000000]
[353.637329,167.464432]
[578.343933,310.253326]
[7.612142,272.157990]
[564.796143,191.740356]
[-1.000000,-1.000000]
[375.949768,58.491478]
[580.908020,328.646362]
[330.752106,136.536224]
[-1.000000,-1.000000]
[-1.000000,-1.000000]
[-1.000000,-1.000000]
[-1.000000,-1.000000]
[175.470917,277.571411]
[517.034790,393.949341]
[-1.000000,-1.000000]
[372.559387,49.112228]
[76.648598,279.301117]
[412.596619,306.272125]
[-1.000000,-1.000000]
[-1.000000,-1.000000]
[374.383759,68.049210]
[-1.000000,-1.000000]
[-1.000000,-1.000000]
[578.782227,310.978210]
[-1.000000,-1.000000]
[-1.000000,-1.000000]
[379.151489,82.134048]
[407.076874,221.131241]
[-1.000000,-1.000000]
[-1.000000,-1.000000]
[-1.000000,-1.000000]
[376.581970,93.351189]
[-1.000000,-1.000000]
[-1.000000,-1.000000]
[354.172852,61.438087]
[-1.000000,-1.000000]
[-1.000000,-1.000000]
[323.108093,144.313950]
[-1.000000,-1.000000]
[319.608582,159.079254]
[530.660034,372.000641]
[324.093018,146.096069]
[-1.000000,-1.000000]
[429.361786,450.977692]
[350.621094,66.723526]
[-1.000000,-1.000000]
[-1.000000,-1.000000]
[380.310333,79.943604]
[321.474091,160.154831]
[-1.000000,-1.000000]
[562.642090,179.873093]
[394.962524,297.771881]
[391.878113,239.517868]
[-1.000000,-1.000000]
[-1.000000,-1.000000]
[-1.000000,-1.000000]
[415.754089,459.271881]
[359.283997,63.569744]
[-1.000000,-1.000000]
[391.061188,77.507172]
[-1.000000,-1.000000]
[-1.000000,-1.000000]
[-1.000000,-1.000000]
[-1.000000,-1.000000]
[-1.000000,-1.000000]
[-1.000000,-1.000000]
[-1.000000,-1.000000]
[-1.000000,-1.000000]
[73.779434,269.738831]
[-1.000000,-1.000000]
[330.572784,158.870224]
[-1.000000,-1.000000]
[-1.000000,-1.000000]
[-1.000000,-1.000000]
[-1.000000,-1.000000]
[-1.000000,-1.000000]
[379.907532,77.591995]
[383.103302,283.539459]
[556.521301,295.874634]
[196.292496,174.102463]
[326.622070,157.400192]
[-1.000000,-1.000000]
[429.247925,451.236847]
[367.114441,62.988712]
[-1.000000,-1.000000]
[-1.000000,-1.000000]
[-1.000000,-1.000000]
[-1.000000,-1.000000]
[-1.000000,-1.000000]
[327.572998,164.316498]
[293.976379,347.347015]
[65.140121,278.722626]
[-1.000000,-1.000000]
[-1.000000,-1.000000]
[-1.000000,-1.000000]
[-1.000000,-1.000000]
[-1.000000,-1.000000]
[-1.000000,-1.000000]
[-1.000000,-1.000000]
[-1.000000,-1.000000]
[-1.000000,-1.000000]
[-1.000000,-1.000000]
[310.017517,249.060440]
[-1.000000,-1.000000]
[297.819550,349.133881]
[350.274170,69.066650]
[359.357300,322.120850]
[-1.000000,-1.000000]
[-1.000000,-1.000000]
[-1.000000,-1.000000]
[-1.000000,-1.000000]
[-1.000000,-1.000000]
[-1.000000,-1.000000]
[-1.000000,-1.000000]
[-1.000000,-1.000000]
[-1.000000,-1.000000]
[323.424927,221.489655]
[-1.000000,-1.000000]
[-1.000000,-1.000000]
[310.000946,249.093491]
[-1.000000,-1.000000]
[-1.000000,-1.000000]
[-1.000000,-1.000000]
[-1.000000,-1.000000]
[-1.000000,-1.000000]
[-1.000000,-1.000000]
[-1.000000,-1.000000]
[-1.000000,-1.000000]
[-1.000000,-1.000000]
[353.489746,348.798615]
[383.052338,273.132202]
[346.951569,316.172913]
[-1.000000,-1.000000]
[-1.000000,-1.000000]
[-1.000000,-1.000000]
[-1.000000,-1.000000]
[-1.000000,-1.000000]
[-1.000000,-1.000000]
[371.826324,60.320892]
[-1.000000,-1.000000]
[-1.000000,-1.000000]
[364.096863,58.683628]
[-1.000000,-1.000000]
[-1.000000,-1.000000]
[410.588684,331.556854]
[359.477936,354.818115]
[-1.000000,-1.000000]
[397.284454,338.175751]
[-1.000000,-1.000000]
[-1.000000,-1.000000]
[-1.000000,-1.000000]
[-1.000000,-1.000000]
[364.208557,109.527252]
[-1.000000,-1.000000]
[305.284698,272.296478]
[-1.000000,-1.000000]
[-1.000000,-1.000000]
[522.371887,393.582214]
[-1.000000,-1.000000]
[350.778900,344.229004]
[377.532318,88.714211]
[-1.000000,-1.000000]
[-1.000000,-1.000000]
[387.245636,258.186279]
[-1.000000,-1.000000]
[305.266998,272.310181]
[-1.000000,-1.000000]
[-1.000000,-1.000000]
[-1.000000,-1.000000]
[-1.000000,-1.000000]
[-1.000000,-1.000000]
[-1.000000,-1.000000]
[346.955444,316.176636]
[383.802734,282.959229]
[-1.000000,-1.000000]
[-1.000000,-1.000000]
[-1.000000,-1.000000]
[-1.000000,-1.000000]
[-1.000000,-1.000000]
[-1.000000,-1.000000]
[-1.000000,-1.000000]
[-1.000000,-1.000000]
[-1.000000,-1.000000]
[-1.000000,-1.000000]
[-1.000000,-1.000000]
[-1.000000,-1.000000]
[353.602875,348.887024]
[-1.000000,-1.000000]
[-1.000000,-1.000000]
[376.580048,93.359413]
[359.590454,354.944366]
[-1.000000,-1.000000]
[-1.000000,-1.000000]
[-1.000000,-1.000000]
[-1.000000,-1.000000]
[311.553619,236.441360]
[-1.000000,-1.000000]
[-1.000000,-1.000000]
[325.778351,142.896484]
[-1.000000,-1.000000]
[-1.000000,-1.000000]
[-1.000000,-1.000000]
[-1.000000,-1.000000]
[362.150757,321.106110]
[-1.000000,-1.000000]
[-1.000000,-1.000000]
[-1.000000,-1.000000]
[-1.000000,-1.000000]
[305.903778,247.386719]
[-1.000000,-1.000000]
[519.971130,388.414032]
[269.729950,320.645813]
[-1.000000,-1.000000]
[352.766968,65.515457]
[340.096741,100.108398]
[-1.000000,-1.000000]
[422.970428,430.484344]
[-1.000000,-1.000000]
[-1.000000,-1.000000]
[395.275146,211.107239]
[-1.000000,-1.000000]
[343.972656,332.848846]
[330.753204,136.539001]
[-1.000000,-1.000000]
[-1.000000,-1.000000]
[324.275391,143.669876]
[-1.000000,-1.000000]
[347.151306,348.203583]
[-1.000000,-1.000000]
[-1.000000,-1.000000]
[-1.000000,-1.000000]
[-1.000000,-1.000000]
[-1.000000,-1.000000]
[-1.000000,-1.000000]
[-1.000000,-1.000000]
[321.566986,224.073563]
[310.045380,249.034164]
[-1.000000,-1.000000]
[-1.000000,-1.000000]
[391.719574,187.979736]
[-1.000000,-1.000000]
[73.034821,278.023071]
[324.100891,168.928970]
[-1.000000,-1.000000]
[-1.000000,-1.000000]
[-1.000000,-1.000000]
[319.598907,159.063171]
[-1.000000,-1.000000]
[-1.000000,-1.000000]
[-1.000000,-1.000000]
[391.878571,239.517487]
[-1.000000,-1.000000]
[-1.000000,-1.000000]
[-1.000000,-1.000000]
[-1.000000,-1.000000]
[-1.000000,-1.000000]
[-1.000000,-1.000000]
[535.207520,191.457474]
[-1.000000,-1.000000]
[-1.000000,-1.000000]
[342.997864,386.322723]
[358.341675,178.819077]
[395.418549,226.617188]
[-1.000000,-1.000000]
[175.475525,277.572540]
[392.156189,211.790268]
[-1.000000,-1.000000]
[315.960571,249.866531]
[331.012177,137.440948]
[-1.000000,-1.000000]
[175.475555,277.572327]
[-1.000000,-1.000000]
[564.925903,192.100555]
[359.231842,57.323551]
[-1.000000,-1.000000]
[-1.000000,-1.000000]
[-1.000000,-1.000000]
[318.009583,144.691605]
[331.195740,136.074951]
[365.852417,297.783997]
[310.030243,249.055344]
[404.497009,441.769287]
[-1.000000,-1.000000]
[358.112579,66.275009]
[-1.000000,-1.000000]
[308.906555,124.806755]
[-1.000000,-1.000000]
[383.812836,282.959961]
[-1.000000,-1.000000]
[537.681580,176.709930]
[394.236328,282.291321]
[278.541870,328.415009]
[-1.000000,-1.000000]
[-1.000000,-1.000000]
[-1.000000,-1.000000]
[-1.000000,-1.000000]
[-1.000000,-1.000000]
[-1.000000,-1.000000]
[-1.000000,-1.000000]
[-1.000000,-1.000000]
[375.102203,293.738983]
[-1.000000,-1.000000]
[-1.000000,-1.000000]
[385.288361,264.985046]
[-1.000000,-1.000000]
[-1.000000,-1.000000]
[319.769745,154.034698]
[-1.000000,-1.000000]
[389.904510,229.085938]
[-1.000000,-1.000000]
[-1.000000,-1.000000]
[-1.000000,-1.000000]
[-1.000000,-1.000000]
[-1.000000,-1.000000]
[-1.000000,-1.000000]
[-1.000000,-1.000000]
[-1.000000,-1.000000]
[-1.000000,-1.000000]
[-1.000000,-1.000000]
[319.769135,154.035751]
[-1.000000,-1.000000]
[-1.000000,-1.000000]
[-1.000000,-1.000000]
[-1.000000,-1.000000]
[-1.000000,-1.000000]
[-1.000000,-1.000000]
[-1.000000,-1.000000]
[-1.000000,-1.000000]
[383.783691,257.044861]
[-1.000000,-1.000000]
[-1.000000,-1.000000]
[-1.000000,-1.000000]
[-1.000000,-1.000000]
[390.883301,74.770767]
[-1.000000,-1.000000]
[-1.000000,-1.000000]
[-1.000000,-1.000000]
[331.897217,160.748062]
[-1.000000,-1.000000]
[305.375153,351.716888]
[-1.000000,-1.000000]
[-1.000000,-1.000000]
[319.763367,154.030411]
[424.543579,340.410065]
[-1.000000,-1.000000]
[-1.000000,-1.000000]
[-1.000000,-1.000000]
[-1.000000,-1.000000]
[-1.000000,-1.000000]
[-1.000000,-1.000000]
[-1.000000,-1.000000]
[308.862305,124.810577]
[-1.000000,-1.000000]
[-1.000000,-1.000000]
[268.353455,326.176849]
[394.959167,297.763794]
[305.251801,272.323730]
[-1.000000,-1.000000]
[-1.000000,-1.000000]
[-1.000000,-1.000000]
[216.840332,298.989136]
[-1.000000,-1.000000]
[332.936401,335.558197]
[297.690491,344.111389]
[401.805023,325.917969]
[359.379791,179.387115]
[-1.000000,-1.000000]
[-1.000000,-1.000000]
[549.171326,205.380890]
[303.558716,141.729721]
[-1.000000,-1.000000]
[-1.000000,-1.000000]
[330.679688,136.607635]
[-1.000000,-1.000000]
[-1.000000,-1.000000]
[-1.000000,-1.000000]
[-1.000000,-1.000000]
[-1.000000,-1.000000]
[312.515442,109.814240]
[-1.000000,-1.000000]
[303.587158,141.802261]
[-1.000000,-1.000000]
[318.739502,142.151093]
[419.162598,320.122986]
[-1.000000,-1.000000]
[-1.000000,-1.000000]
[175.471558,277.571136]
[-1.000000,-1.000000]
[-1.000000,-1.000000]
[345.882782,179.472717]
[-1.000000,-1.000000]
[-1.000000,-1.000000]
[-1.000000,-1.000000]
[-1.000000,-1.000000]
[-1.000000,-1.000000]
[310.119904,248.971741]
[310.021729,249.053589]
[323.533630,221.340454]
[-1.000000,-1.000000]
[302.845612,338.385803]
[-1.000000,-1.000000]
[353.503235,348.805389]
[508.627106,379.159119]
[-1.000000,-1.000000]
[-1.000000,-1.000000]
[368.210327,276.653900]
[-1.000000,-1.000000]
[308.890564,124.833031]
[-1.000000,-1.000000]
[-1.000000,-1.000000]
[-1.000000,-1.000000]
[-1.000000,-1.000000]
[-1.000000,-1.000000]
[315.260620,216.334824]
[-1.000000,-1.000000]
[6.613991,272.509064]
[-1.000000,-1.000000]
[-1.000000,-1.000000]
[383.217834,283.351349]
[-1.000000,-1.000000]
[305.293152,272.281677]
[-1.000000,-1.000000]
[-1.000000,-1.000000]
[-1.000000,-1.000000]
[331.477295,163.492706]
[-1.000000,-1.000000]
[-1.000000,-1.000000]
[-1.000000,-1.000000]
[323.647522,221.134995]
[375.851440,265.793457]
[-1.000000,-1.000000]
[358.343536,360.315155]
[-1.000000,-1.000000]
[-1.000000,-1.000000]
[339.140411,178.371445]
[-1.000000,-1.000000]
[308.823059,124.779106]
[342.367188,305.374146]
[332.501465,160.976578]
[-1.000000,-1.000000]
[-1.000000,-1.000000]
[-1.000000,-1.000000]
[-1.000000,-1.000000]
[360.393219,180.236191]
[-1.000000,-1.000000]
[-1.000000,-1.000000]
[-1.000000,-1.000000]
[340.900757,173.434677]
[-1.000000,-1.000000]
[-1.000000,-1.000000]
[-1.000000,-1.000000]
[-1.000000,-1.000000]
[-1.000000,-1.000000]
[-1.000000,-1.000000]
[-1.000000,-1.000000]
[-1.000000,-1.000000]
[-1.000000,-1.000000]
[-1.000000,-1.000000]
[-1.000000,-1.000000]
[-1.000000,-1.000000]
[-1.000000,-1.000000]
[309.896881,142.244995]
[-1.000000,-1.000000]
[364.214172,109.528000]
[-1.000000,-1.000000]
[74.565201,268.074036]
[-1.000000,-1.000000]
[-1.000000,-1.000000]
[308.880341,124.793839]
[-1.000000,-1.000000]
[-1.000000,-1.000000]
[-1.000000,-1.000000]
[-1.000000,-1.000000]
[196.288727,174.104477]
[-1.000000,-1.000000]
[-1.000000,-1.000000]
[315.870575,217.287445]
[-1.000000,-1.000000]
[-1.000000,-1.000000]
[-1.000000,-1.000000]
[-1.000000,-1.000000]
[356.242126,105.844666]
[-1.000000,-1.000000]
[-1.000000,-1.000000]
[-1.000000,-1.000000]
[-1.000000,-1.000000]
[519.089722,373.436218]
[-1.000000,-1.000000]
[-1.000000,-1.000000]
[301.324707,271.458069]
[351.359131,370.073730]
[-1.000000,-1.000000]
[-1.000000,-1.000000]
[-1.000000,-1.000000]
[363.606903,76.687737]
[376.771393,300.673706]
[-1.000000,-1.000000]
[341.725372,97.360870]
[318.600281,118.677795]
[-1.000000,-1.000000]
[357.296783,182.345779]
[367.261810,62.948521]
[337.281616,344.321655]
[329.121124,349.253723]
[319.764160,154.028961]
[-1.000000,-1.000000]
[346.953033,316.176392]
[-1.000000,-1.000000]
[-1.000000,-1.000000]
[-1.000000,-1.000000]
[-1.000000,-1.000000]
[-1.000000,-1.000000]
[362.153778,74.904312]
[343.462402,179.496078]
[-1.000000,-1.000000]
[-1.000000,-1.000000]
[-1.000000,-1.000000]
[-1.000000,-1.000000]
[-1.000000,-1.000000]
[191.641953,164.401001]
[-1.000000,-1.000000]
[-1.000000,-1.000000]
[353.833160,238.602188]
[-1.000000,-1.000000]
[-1.000000,-1.000000]
[262.885986,330.982056]
[391.879608,239.519989]
[-1.000000,-1.000000]
[-1.000000,-1.000000]
[-1.000000,-1.000000]
[-1.000000,-1.000000]
[231.656876,276.556976]
[-1.000000,-1.000000]
[-1.000000,-1.000000]
[-1.000000,-1.000000]
[-1.000000,-1.000000]
[-1.000000,-1.000000]
[19.326431,232.783646]
[-1.000000,-1.000000]
[313.601318,213.293945]
