[287.539368,236.704346]
[268.027954,210.766479]
[242.672104,198.077652]
[374.170532,192.874390]
[-1.000000,-1.000000]
[-1.000000,-1.000000]
[171.502670,246.158661]
[-1.000000,-1.000000]
[-1.000000,-1.000000]
[177.378937,326.842865]
[38.259789,408.912750]
[211.011978,382.697845]
[144.449280,436.662415]
[287.542236,236.702606]
[181.079086,246.330093]
[22.096817,404.664215]
[334.135376,126.998032]
[45.163860,330.477203]
[36.990189,408.805206]
[229.430359,369.232819]
[220.150146,93.583488]
[-1.000000,-1.000000]
[117.758514,199.194138]
[374.259003,199.970490]
[316.537994,262.279816]
[-1.000000,-1.000000]
[374.289032,200.051285]
[255.084061,348.684875]
[219.827744,381.329498]
[219.788208,381.360107]
[38.870655,410.788269]
[23.128052,402.045990]
[22.024025,401.226868]
[37.909428,408.154877]
[217.677902,383.414917]
[117.754814,199.198502]
[215.895813,382.557007]
[211.775696,382.194733]
[37.960136,409.028076]
[167.329758,422.791382]
[117.729195,199.229294]
[182.494522,410.110260]
[299.030701,95.977234]
[-1.000000,-1.000000]
[254.603210,349.633698]
[333.413361,126.223625]
[-1.000000,-1.000000]
[159.057556,236.608749]
[220.134064,93.574112]
[195.733353,399.477509]
[242.671967,198.078766]
[-1.000000,-1.000000]
[208.648849,391.754639]
[-1.000000,-1.000000]
[297.152863,94.302299]
[298.641937,95.555328]
[212.609619,96.449707]
[328.401428,123.245483]
[48.261971,334.983429]
[234.387634,87.115868]
[349.986847,227.139954]
[328.654358,123.336067]
[38.280071,408.924561]
[157.010529,236.122543]
[131.960815,197.744858]
[177.379425,326.844360]
[220.151718,93.583496]
[-1.000000,-1.000000]
[183.266098,409.586304]
[218.109772,91.083588]
[45.161587,330.477112]
[183.127014,409.464905]
[-1.000000,-1.000000]
[211.099060,389.266968]
[217.391434,383.354919]
[117.736786,199.221390]
[216.948746,384.656525]
[219.708954,381.384308]
[37.465775,410.041931]
[-1.000000,-1.000000]
[374.162201,192.867462]
[374.263916,199.978165]
[294.308563,175.990860]
[171.506775,246.163147]
[240.360489,206.603806]
[295.591705,168.403122]
[-1.000000,-1.000000]
[171.503586,246.160568]
[349.984375,227.142136]
[166.393021,231.697769]
[154.846069,350.111328]
[360.803375,195.339539]
[50.461929,335.685516]
[334.072662,126.917397]
[-1.000000,-1.000000]
[315.771698,257.946625]
[222.345963,89.593491]
[-1.000000,-1.000000]
[154.591965,350.235626]
[182.448318,409.999268]
[304.166626,236.966599]
[326.476959,247.576218]
[22.037453,401.174591]
[133.274734,200.807892]
[50.708153,335.659241]
[38.364315,410.938477]
[177.379959,326.844330]
[-1.000000,-1.000000]
[268.032593,210.768707]
[138.044525,439.697571]
[168.293854,308.527008]
[236.446106,202.327667]
[118.339561,210.548996]
[299.539856,107.953285]
[253.486481,346.996857]
[129.279068,439.114838]
[295.111633,115.562775]
[249.460129,353.702484]
[161.293167,260.260620]
[171.696625,315.635864]
[295.101135,115.501366]
[-1.000000,-1.000000]
[358.618011,197.500458]
[177.012970,333.133301]
[286.777222,95.350304]
[154.571793,350.245728]
[28.110060,406.078796]
[183.005798,409.787262]
[38.637566,411.981232]
[117.299393,211.563568]
[172.962891,245.412689]
[44.254204,403.101257]
[187.055496,244.813202]
[162.390976,233.047501]
[253.585693,346.837677]
[161.365662,224.575043]
[164.421860,232.259415]
[49.397953,335.420319]
[220.654449,380.621002]
[210.260864,100.518105]
[-1.000000,-1.000000]
[281.491791,101.033493]
[171.349564,335.225159]
[51.093693,335.995514]
[176.755219,332.484436]
[291.214081,220.087753]
[38.026588,400.549652]
[50.726524,336.278809]
[211.015213,382.692780]
[167.582672,309.557037]
[217.492310,384.062866]
[212.692307,96.388756]
[225.056931,112.088043]
[356.375793,222.578323]
[254.176849,209.930740]
[233.930756,213.885544]
[332.650391,142.173767]
[227.463196,368.226685]
[315.776093,257.910126]
[187.853531,246.491608]
[172.207901,334.262695]
[23.275940,402.047516]
[349.732910,228.696442]
[306.377808,269.467224]
[224.870911,112.264374]
[223.619186,112.173668]
[210.158890,98.950035]
[50.653549,335.697357]
[315.732727,257.863464]
[212.610397,96.459435]
[304.113953,236.987457]
[186.938980,247.939133]
[297.759796,221.467667]
[186.206970,242.125626]
[215.216064,382.120667]
[218.109772,91.083588]
[239.163345,208.196472]
[187.592911,246.942719]
[78.609299,345.077759]
[186.864807,244.033386]
[-1.000000,-1.000000]
[328.435364,118.327301]
[334.139252,127.006355]
[328.755646,118.383606]
[144.632202,425.911285]
[234.339050,86.860588]
[120.280525,196.131912]
[51.127819,335.443481]
[120.457985,200.991684]
[141.442352,437.703888]
[220.653061,375.147797]
[38.318363,411.485657]
[38.227467,409.143738]
[242.120300,203.587036]
[51.144012,335.742798]
[295.753113,116.208191]
[171.740845,335.397400]
[236.022614,188.987473]
[186.184586,242.166855]
[267.792114,189.124084]
[326.236420,248.513321]
[274.750397,190.241699]
[350.125824,227.377762]
[276.165283,195.919662]
[212.613861,96.499298]
[295.402863,223.263260]
[38.941666,411.168823]
[235.245102,184.836441]
[51.163536,335.298096]
[295.416443,223.358643]
[167.693390,232.605148]
[233.989944,185.896225]
[-1.000000,-1.000000]
[328.049744,152.362000]
[-1.000000,-1.000000]
[172.195496,335.435364]
[197.278000,398.103363]
[187.484970,247.023468]
[-1.000000,-1.000000]
[181.082275,246.331024]
[253.497223,346.991272]
[40.269638,411.445587]
[49.173023,335.809235]
[295.466248,175.435165]
[252.825439,346.653748]
[287.541687,236.704285]
[50.577274,335.700806]
[283.246948,99.693375]
[39.102974,396.064545]
[-1.000000,-1.000000]
[273.964722,191.232788]
[-1.000000,-1.000000]
[229.364426,185.397690]
[-1.000000,-1.000000]
[364.246399,214.352615]
[322.535828,127.486160]
[-1.000000,-1.000000]
[283.168793,99.706032]
[117.181793,198.825546]
[218.093964,91.112244]
[117.731270,199.227417]
[131.137238,185.012863]
[171.505676,246.162247]
[167.678360,232.553070]
[171.502518,246.159073]
[285.572144,96.173241]
[349.984375,227.142136]
[272.042694,197.900406]
[374.163635,192.875076]
[229.895050,208.946884]
[298.011749,221.959839]
[-1.000000,-1.000000]
[244.774094,186.800064]
[146.842819,210.161880]
[295.256866,115.622299]
[323.261993,114.148399]
[296.778381,222.797104]
[268.031738,210.766571]
[332.095886,144.156174]
[328.768402,245.654388]
[226.212128,106.125710]
[171.506149,246.163269]
[357.323151,221.334732]
[-1.000000,-1.000000]
[298.452332,225.206665]
[347.008057,231.841232]
[221.823776,104.010948]
[34.349430,332.202545]
[170.140808,335.961151]
[-1.000000,-1.000000]
[295.404358,223.266449]
[282.113739,100.515282]
[181.082275,246.331024]
[334.923401,148.596405]
[185.153122,260.287720]
[38.198540,402.290100]
[253.572937,346.846558]
[172.020370,335.548004]
[349.986084,227.138351]
[173.694443,322.506470]
[138.327576,439.903900]
[120.634552,201.775894]
[149.539169,208.156128]
[295.740479,224.893600]
[39.799137,401.104248]
[287.544067,236.704163]
[129.627197,432.207977]
[187.041306,244.773956]
[177.379425,326.844360]
[242.675812,198.078201]
[-1.000000,-1.000000]
[253.485931,346.996918]
[62.950119,339.881775]
[181.082626,246.331497]
[138.299652,439.910004]
[298.936432,117.253700]
[171.505692,246.160614]
[336.833191,129.423279]
[34.362846,332.192566]
[44.312508,330.360382]
[253.571152,346.844177]
[-1.000000,-1.000000]
[253.570023,346.847504]
[360.785980,219.593399]
[135.026398,431.454407]
[268.020386,210.763916]
[287.542145,236.700760]
[215.202957,385.229553]
[245.568558,189.737579]
[225.406509,112.054634]
[40.899368,402.901093]
[224.301178,112.377731]
[215.005157,300.688995]
[253.480835,346.997742]
[28.123337,405.653900]
[220.770432,380.587128]
[171.740967,335.397430]
[241.226089,205.227295]
[154.932098,350.069641]
[-1.000000,-1.000000]
[283.165222,99.605896]
[237.534439,214.805008]
[296.825409,219.832062]
[36.888115,397.990234]
[28.779488,371.358398]
[372.759674,201.500641]
[44.321388,330.365479]
[287.094879,106.253960]
[51.277218,335.442902]
[124.504288,435.376404]
[321.173492,252.216232]
[223.737717,374.761292]
[126.310822,185.873962]
[159.111938,237.065323]
[299.551178,227.794525]
[38.441669,395.920532]
[295.109009,115.551094]
[299.300934,232.737228]
[38.170357,395.939178]
[119.828781,203.479706]
[-1.000000,-1.000000]
[186.206207,242.125610]
[174.218307,324.532288]
[164.771133,341.392700]
[40.985054,401.643982]
[331.776337,121.557198]
[276.271484,187.126190]
[151.501236,438.730743]
[290.622955,264.844330]
[277.620483,196.552490]
[337.785431,139.116638]
[159.023010,235.647552]
[233.131393,368.537567]
[18.162512,346.676788]
[349.984375,227.142136]
[167.145981,231.412582]
[295.329346,174.486313]
[12.674379,357.675903]
[223.987671,112.442429]
[295.112396,115.561798]
[118.628357,200.121201]
[226.183868,112.011848]
[295.509613,115.552811]
[307.366058,267.944733]
[212.533340,389.725739]
[138.039261,439.698090]
[158.612183,252.286819]
[221.226593,202.590363]
[170.061691,336.298920]
[327.524811,119.179527]
[324.037262,124.485710]
[38.176449,408.907990]
[37.878273,402.801117]
[202.675232,386.525055]
[164.241882,252.339478]
[230.537811,186.361725]
[350.011536,227.075790]
[327.812531,152.285233]
[240.678558,312.485138]
[253.589661,346.829742]
[241.842743,351.938629]
[298.008667,221.972366]
[38.634888,409.636475]
[295.298584,221.288406]
[159.711060,263.442841]
[328.757782,118.381424]
[214.629715,386.010376]
[327.117889,123.127441]
[259.394409,212.672165]
[44.039711,348.130859]
[46.468048,345.725494]
[297.594513,223.046646]
[37.909904,410.784485]
[-1.000000,-1.000000]
[186.893982,232.090012]
[284.897675,218.477539]
[251.929184,333.005035]
[-1.000000,-1.000000]
[242.670807,198.078552]
[295.110474,115.576180]
[138.273819,439.909058]
[117.758301,199.194077]
[145.266495,436.436646]
[173.191467,412.620697]
[167.960358,337.191925]
[349.733459,230.080856]
[295.113831,115.563591]
[130.243912,432.992645]
[75.985031,358.674896]
[238.971893,87.564705]
[45.161587,330.477112]
[275.063019,189.430832]
[297.619843,223.671082]
[-1.000000,-1.000000]
[187.962860,319.975189]
[50.729935,335.708191]
[-1.000000,-1.000000]
[253.844116,347.881134]
[220.154129,93.583755]
[186.298050,242.092728]
[139.409378,428.235413]
[295.107147,115.489250]
[149.683136,238.141693]
[230.632248,358.184631]
[217.452927,384.122406]
[231.038971,368.659973]
[-1.000000,-1.000000]
[217.643646,383.419006]
[177.382065,326.842316]
[32.112152,386.567291]
[276.430115,184.690720]
[217.636826,383.416534]
[187.043671,244.804443]
[268.032715,210.767929]
[25.323805,338.830566]
[121.480515,197.588440]
[-1.000000,-1.000000]
[221.570526,367.389404]
[40.721848,402.487915]
[40.662224,402.499542]
[227.771469,368.125397]
[227.589294,368.162170]
[183.290939,409.640656]
[117.730400,199.227325]
[177.378937,326.842865]
[177.377716,326.840088]
[-1.000000,-1.000000]
[304.157745,236.969849]
[39.637115,401.132172]
[183.174591,409.783905]
[218.958084,111.904495]
[137.568405,427.004669]
[161.404037,255.117676]
[-1.000000,-1.000000]
[38.014584,400.965546]
[39.404434,399.989258]
[-1.000000,-1.000000]
[-1.000000,-1.000000]
[51.076145,335.563690]
[211.783783,382.161987]
[-1.000000,-1.000000]
[-1.000000,-1.000000]
[138.745483,426.318207]
[181.082642,246.330231]
[23.018194,394.465851]
[40.000435,405.194000]
[200.471283,391.338531]
[50.722805,335.706573]
[172.373672,335.144836]
[-1.000000,-1.000000]
[219.709229,190.985779]
[146.793655,425.832642]
[-1.000000,-1.000000]
[243.418503,201.330429]
[282.113739,100.515282]
[27.414143,349.094574]
[359.998657,195.161697]
[29.428444,373.040649]
[14.624879,354.838684]
[245.627731,209.069290]
[218.098450,91.118584]
[223.124512,369.185272]
[237.369873,86.339859]
[-1.000000,-1.000000]
[192.539520,252.588547]
[170.529663,418.700317]
[210.402756,348.187164]
[219.736282,381.393768]
[216.507217,383.299042]
[231.496002,111.551575]
[-1.000000,-1.000000]
[-1.000000,-1.000000]
[-1.000000,-1.000000]
[-1.000000,-1.000000]
[-1.000000,-1.000000]
[-1.000000,-1.000000]
[-1.000000,-1.000000]
[45.803223,345.963135]
[-1.000000,-1.000000]
[-1.000000,-1.000000]
[-1.000000,-1.000000]
[164.810440,341.379303]
[-1.000000,-1.000000]
[171.506485,246.161484]
[162.088821,241.202866]
[340.543701,237.968323]
[292.963745,252.436600]
[-1.000000,-1.000000]
[312.100800,167.241867]
[347.943451,230.095993]
[181.079498,246.330170]
[287.540649,236.702042]
[212.608368,96.479584]
[273.542694,166.122360]
[319.227509,242.467056]
[-1.000000,-1.000000]
[28.382446,361.478455]
[-1.000000,-1.000000]
[37.444237,396.138306]
[168.460526,257.172791]
[238.295578,333.773071]
[242.762985,202.419373]
[42.960373,350.087738]
[177.378647,326.844055]
[181.702927,345.756500]
[374.162231,192.866348]
[322.141266,140.185349]
[216.765778,111.275246]
[280.928619,177.079681]
[212.630768,96.503815]
[143.978958,203.693222]
[161.075378,275.059967]
[226.230469,112.008476]
[-1.000000,-1.000000]
[38.446190,400.840851]
[40.928741,413.323883]
[160.714371,257.557800]
[-1.000000,-1.000000]
[-1.000000,-1.000000]
[224.712265,213.956390]
[-1.000000,-1.000000]
[40.934898,403.626617]
[-1.000000,-1.000000]
[316.229492,152.660995]
[-1.000000,-1.000000]
[-1.000000,-1.000000]
[214.316681,391.401947]
[255.417191,318.371338]
[-1.000000,-1.000000]
[-1.000000,-1.000000]
[171.850586,335.081329]
[324.077911,248.613434]
[342.423828,233.299179]
[124.483070,430.827271]
[250.272949,344.666138]
[-1.000000,-1.000000]
[-1.000000,-1.000000]
[211.248230,394.112793]
[-1.000000,-1.000000]
[-1.000000,-1.000000]
[232.251465,113.772224]
[-1.000000,-1.000000]
[-1.000000,-1.000000]
[-1.000000,-1.000000]
[-1.000000,-1.000000]
[-1.000000,-1.000000]
[-1.000000,-1.000000]
[-1.000000,-1.000000]
[-1.000000,-1.000000]
[-1.000000,-1.000000]
[-1.000000,-1.000000]
[-1.000000,-1.000000]
[212.639450,96.485130]
[-1.000000,-1.000000]
[44.311447,330.365234]
[-1.000000,-1.000000]
[-1.000000,-1.000000]
[211.734116,382.219849]
[37.627037,355.694855]
[-1.000000,-1.000000]
[-1.000000,-1.000000]
[-1.000000,-1.000000]
[-1.000000,-1.000000]
[243.882339,161.863068]
[-1.000000,-1.000000]
[-1.000000,-1.000000]
[-1.000000,-1.000000]
[-1.000000,-1.000000]
[-1.000000,-1.000000]
[-1.000000,-1.000000]
[-1.000000,-1.000000]
[132.537903,216.308792]
[374.286102,200.039383]
[-1.000000,-1.000000]
[-1.000000,-1.000000]
[-1.000000,-1.000000]
[-1.000000,-1.000000]
[-1.000000,-1.000000]
[-1.000000,-1.000000]
[46.344990,343.564972]
[50.751320,335.711853]
[-1.000000,-1.000000]
[-1.000000,-1.000000]
[220.139374,93.577156]
[-1.000000,-1.000000]
[295.114319,115.563469]
[-1.000000,-1.000000]
[226.352875,284.881409]
[210.354340,348.223297]
[12.655653,357.710846]
[-1.000000,-1.000000]
[173.628967,407.790894]
[-1.000000,-1.000000]
[-1.000000,-1.000000]
[278.466309,275.902100]
[45.137978,402.641052]
[-1.000000,-1.000000]
[28.443348,371.600983]
[200.380142,391.509613]
[-1.000000,-1.000000]
[121.073051,206.807434]
[44.389603,348.462555]
[-1.000000,-1.000000]
[72.218246,356.598724]
[40.278610,395.468140]
[-1.000000,-1.000000]
[-1.000000,-1.000000]
[-1.000000,-1.000000]
[-1.000000,-1.000000]
[-1.000000,-1.000000]
[215.145813,382.201324]
[293.581665,217.119614]
[-1.000000,-1.000000]
[-1.000000,-1.000000]
[245.613281,197.299255]
[246.884033,185.012024]
[287.436035,219.785980]
[-1.000000,-1.000000]
[28.276503,406.272827]
[-1.000000,-1.000000]
[-1.000000,-1.000000]
[240.319305,330.842865]
[-1.000000,-1.000000]
[-1.000000,-1.000000]
[-1.000000,-1.000000]
[-1.000000,-1.000000]
[224.033218,346.279877]
[-1.000000,-1.000000]
[243.769333,187.825836]
[32.668701,382.839630]
[-1.000000,-1.000000]
[-1.000000,-1.000000]
[-1.000000,-1.000000]
[220.137390,93.574623]
[-1.000000,-1.000000]
[-1.000000,-1.000000]
[-1.000000,-1.000000]
[253.188904,343.948151]
[129.111694,215.272247]
[-1.000000,-1.000000]
[-1.000000,-1.000000]
[-1.000000,-1.000000]
[173.676559,322.376373]
[-1.000000,-1.000000]
[236.443024,105.238464]
[133.129486,203.905457]
[-1.000000,-1.000000]
[-1.000000,-1.000000]
[-1.000000,-1.000000]
[-1.000000,-1.000000]
[315.732391,257.862976]
[-1.000000,-1.000000]
[-1.000000,-1.000000]
[218.088287,91.124382]
[45.162796,330.476257]
[182.994019,409.813019]
[-1.000000,-1.000000]
[12.674117,357.679688]
[-1.000000,-1.000000]
[-1.000000,-1.000000]
[-1.000000,-1.000000]
[-1.000000,-1.000000]
[-1.000000,-1.000000]
[-1.000000,-1.000000]
[-1.000000,-1.000000]
[-1.000000,-1.000000]
[313.944702,166.710342]
[122.711586,208.159470]
[-1.000000,-1.000000]
[170.065613,341.289093]
[28.070646,371.047516]
[-1.000000,-1.000000]
[208.349152,391.857849]
[127.723251,427.089081]
[281.688080,222.440262]
[295.441498,223.448761]
[-1.000000,-1.000000]
[-1.000000,-1.000000]
[-1.000000,-1.000000]
[214.211624,81.966156]
[-1.000000,-1.000000]
[-1.000000,-1.000000]
[-1.000000,-1.000000]
[39.220398,400.459808]
[210.397369,348.192505]
[-1.000000,-1.000000]
[224.482605,233.243683]
[-1.000000,-1.000000]
[237.753098,214.778000]
[177.212830,333.715302]
[329.918579,138.601532]
[-1.000000,-1.000000]
[-1.000000,-1.000000]
[-1.000000,-1.000000]
[-1.000000,-1.000000]
[-1.000000,-1.000000]
[-1.000000,-1.000000]
[167.038361,339.935669]
[374.284912,200.039856]
[124.229324,188.291916]
[-1.000000,-1.000000]
[38.197247,399.200226]
[373.301208,202.764389]
[29.892628,344.123322]
[-1.000000,-1.000000]
[-1.000000,-1.000000]
[242.410965,311.721191]
[212.622482,96.518059]
[-1.000000,-1.000000]
[199.007431,391.705444]
[-1.000000,-1.000000]
[240.407150,206.558289]
[215.641388,337.454620]
[199.294312,397.790009]
[327.185486,246.040100]
[18.168818,346.669250]
[-1.000000,-1.000000]
[315.738373,257.862061]
[362.167145,212.309067]
[37.965038,402.574554]
[164.770584,341.390747]
[241.226089,205.227295]
[-1.000000,-1.000000]
[-1.000000,-1.000000]
[-1.000000,-1.000000]
[-1.000000,-1.000000]
[-1.000000,-1.000000]
[-1.000000,-1.000000]
[-1.000000,-1.000000]
[-1.000000,-1.000000]
[-1.000000,-1.000000]
[252.057648,334.713409]
[348.820465,229.060547]
[234.522095,87.361229]
[-1.000000,-1.000000]
[-1.000000,-1.000000]
[-1.000000,-1.000000]
[-1.000000,-1.000000]
[33.163010,362.118195]
[193.367233,253.240601]
[-1.000000,-1.000000]
[37.826054,409.333069]
[292.275360,201.535660]
[-1.000000,-1.000000]
[222.782730,368.846741]
[-1.000000,-1.000000]
[173.067276,411.623627]
[371.217377,219.455627]
[-1.000000,-1.000000]
[-1.000000,-1.000000]
[47.195580,344.905304]
[295.087494,173.280136]
[210.356415,348.220917]
[328.217560,118.260887]
[183.123657,409.476746]
[44.752785,347.921692]
[210.355164,348.221100]
[-1.000000,-1.000000]
[44.343994,330.359589]
[173.013657,339.649963]
[279.594055,202.101822]
[-1.000000,-1.000000]
[286.677765,111.952408]
[-1.000000,-1.000000]
[-1.000000,-1.000000]
[268.033630,210.768906]
[-1.000000,-1.000000]
[50.724766,335.706146]
[237.649734,214.782028]
[-1.000000,-1.000000]
[-1.000000,-1.000000]
[41.671070,340.701538]
[213.498169,382.052307]
[162.909882,243.858383]
[183.281891,409.723541]
[-1.000000,-1.000000]
[195.426361,336.044739]
[319.715607,252.113861]
[188.807449,251.070053]
[315.116730,156.963638]
[325.072998,139.748962]
[-1.000000,-1.000000]
[-1.000000,-1.000000]
[-1.000000,-1.000000]
[-1.000000,-1.000000]
[-1.000000,-1.000000]
[-1.000000,-1.000000]
[141.444641,426.613190]
[286.462433,208.613861]
[-1.000000,-1.000000]
[-1.000000,-1.000000]
[253.477829,346.998535]
[164.221298,257.004822]
[28.445992,371.829559]
[45.161858,330.475952]
[212.610306,96.447121]
[-1.000000,-1.000000]
[237.688721,214.780838]
[-1.000000,-1.000000]
[-1.000000,-1.000000]
[242.675919,198.078171]
[-1.000000,-1.000000]
[212.610397,96.459435]
[168.377762,309.948090]
[-1.000000,-1.000000]
[167.650787,232.434265]
[-1.000000,-1.000000]
[174.497025,309.479736]
[-1.000000,-1.000000]
[-1.000000,-1.000000]
[-1.000000,-1.000000]
[271.780518,272.320404]
[195.184586,363.527374]
[169.701324,256.041412]
[223.406769,268.276062]
[50.705894,335.575623]
[158.995636,258.589691]
[-1.000000,-1.000000]
[-1.000000,-1.000000]
[145.196365,239.640076]
[186.191986,258.436646]
[164.590576,251.726929]
[25.609417,364.865234]
[-1.000000,-1.000000]
[247.002655,315.516602]
[-1.000000,-1.000000]
[218.333618,192.815948]
[18.154572,346.688568]
[47.705212,344.911194]
[283.204193,99.658440]
[210.352295,348.221405]
[38.757370,409.907562]
[169.890442,341.451660]
[144.880981,428.206604]
[200.549683,385.494568]
[-1.000000,-1.000000]
[28.047287,371.814789]
[151.840744,365.625885]
[173.797134,323.040039]
[295.114563,115.564133]
[-1.000000,-1.000000]
[-1.000000,-1.000000]
[174.975739,414.198608]
[-1.000000,-1.000000]
[44.156822,403.053528]
[295.748627,116.168777]
[231.107224,350.777435]
[-1.000000,-1.000000]
[28.123283,361.543091]
[193.502472,364.698395]
[214.868225,299.983215]
[287.793976,109.278275]
[-1.000000,-1.000000]
[-1.000000,-1.000000]
[237.299896,305.290771]
[318.448853,242.541199]
[304.154938,236.972305]
[-1.000000,-1.000000]
[227.075211,105.289093]
[38.987873,404.571930]
[222.613617,368.415344]
[221.418320,373.085541]
[-1.000000,-1.000000]
[-1.000000,-1.000000]
[142.524292,440.458557]
[185.766830,314.582092]
[293.682831,192.671051]
[46.490562,345.706451]
[296.067535,222.183731]
[242.675140,198.079361]
[39.440903,344.201538]
[265.255066,200.435165]
[33.460930,361.542023]
[221.895432,367.461792]
[327.495544,150.399872]
[149.975403,239.493042]
[220.079224,93.593689]
[-1.000000,-1.000000]
[-1.000000,-1.000000]
[-1.000000,-1.000000]
[-1.000000,-1.000000]
[166.291672,355.830566]
[153.420868,438.262024]
[-1.000000,-1.000000]
[-1.000000,-1.000000]
[12.629523,357.688568]
[208.545029,398.526855]
[12.655991,357.706726]
[181.077988,246.329956]
[182.005539,343.659027]
[23.372215,401.069855]
[224.915588,251.613632]
[220.902466,202.435272]
[-1.000000,-1.000000]
[174.134720,247.675552]
[-1.000000,-1.000000]
[-1.000000,-1.000000]
[374.173035,192.869965]
[218.303558,359.856659]
[23.566233,398.350159]
[-1.000000,-1.000000]
[221.423050,188.436188]
[167.515900,277.756256]
[176.261841,260.413300]
[-1.000000,-1.000000]
[237.209595,300.133209]
[160.668594,233.709747]
[270.792725,186.694504]
[-1.000000,-1.000000]
[169.146622,336.597107]
[328.427948,118.319984]
[183.299789,350.740936]
[40.997566,413.247955]
[217.863403,383.243073]
[28.821384,372.370422]
[173.991394,260.611267]
[374.170715,192.866425]
[251.425293,351.689941]
[214.897491,300.108429]
[-1.000000,-1.000000]
[308.603790,180.762955]
[135.569489,208.119873]
[357.921112,212.784195]
[182.617615,261.102661]
[287.885681,220.753647]
[133.713684,429.216644]
[284.702454,220.257645]
[23.096710,396.715454]
[196.384842,260.906464]
[157.479813,248.488953]
[222.805313,349.889496]
[221.953247,273.212677]
[22.028736,401.244995]
[233.103378,214.199036]
[225.367310,185.545212]
[299.188019,253.874313]
[-1.000000,-1.000000]
[216.825592,294.819122]
[186.182770,242.164536]
[358.177032,209.226868]
[39.300957,401.894226]
[161.404892,245.463638]
[175.859726,257.096466]
[-1.000000,-1.000000]
[256.946594,323.201324]
[47.305950,344.060089]
[218.268295,257.200409]
[205.786896,334.774506]
[-1.000000,-1.000000]
[178.101166,338.968384]
[146.737198,427.113800]
[174.672333,336.636505]
[96.698456,415.312164]
[225.556824,309.020233]
[-1.000000,-1.000000]
[-1.000000,-1.000000]
[287.388550,220.940659]
[38.268280,399.713104]
[-1.000000,-1.000000]
[-1.000000,-1.000000]
[-1.000000,-1.000000]
[22.767073,401.698547]
[177.380249,326.842133]
[227.380035,302.243317]
[288.871735,114.818497]
[164.830200,341.458710]
[224.271301,272.427124]
[213.918198,321.713593]
[227.003967,307.292206]
[328.789368,118.385635]
[-1.000000,-1.000000]
[215.057114,308.944092]
[182.862915,345.179291]
[-1.000000,-1.000000]
[-1.000000,-1.000000]
[46.577347,344.704315]
[-1.000000,-1.000000]
[287.137878,206.370773]
[-1.000000,-1.000000]
[131.581207,370.010590]
