[174.004166,352.110535]
[325.338898,297.114227]
[143.431519,349.192841]
[143.431808,349.175507]
[143.436462,349.191711]
[143.428360,349.195831]
[263.741943,302.381439]
[233.573441,282.240082]
[143.048080,349.473999]
[360.544342,394.135284]
[360.547638,394.138000]
[370.095795,421.935638]
[233.569000,282.225922]
[370.091400,421.934143]
[366.211456,236.104065]
[263.791229,302.419281]
[360.554108,394.129089]
[572.089478,185.067871]
[141.961334,361.859528]
[339.923279,280.787476]
[301.042084,185.279739]
[353.878143,272.313568]
[143.434265,349.195160]
[370.087555,421.913757]
[299.556976,343.332153]
[233.569946,282.225769]
[567.029541,205.659073]
[390.584717,183.058090]
[291.039093,336.130768]
[261.771545,301.667694]
[301.325287,146.054749]
[325.527618,243.255356]
[301.325287,146.054749]
[142.000885,339.025024]
[367.980225,125.802368]
[310.385376,352.927094]
[172.988098,340.053528]
[572.110840,185.085876]
[330.919067,277.037262]
[390.719666,183.337463]
[145.952148,362.889374]
[320.371033,34.748829]
[279.199493,165.599701]
[339.913940,378.443909]
[310.276672,348.663300]
[370.099518,421.938110]
[511.048615,287.578552]
[178.012024,340.034637]
[511.044525,287.576843]
[328.746063,369.915405]
[173.280380,325.876709]
[-1.000000,-1.000000]
[343.855011,269.009216]
[336.558044,285.179352]
[349.655396,272.398041]
[143.032928,349.490387]
[173.280258,325.878845]
[270.481323,307.916962]
[318.157410,355.122498]
[479.374146,53.434010]
[329.899872,264.327393]
[320.292877,361.142548]
[572.083496,185.053513]
[-1.000000,-1.000000]
[191.685120,151.466339]
[321.099335,350.687347]
[457.820160,263.197510]
[297.939240,346.763519]
[480.299530,351.640747]
[457.841583,262.910095]
[325.347198,297.110596]
[295.221527,155.511200]
[143.032394,349.493744]
[314.752563,358.264648]
[370.088287,421.921844]
[304.833954,348.575684]
[362.748627,445.562256]
[163.900818,336.003662]
[233.572357,282.272461]
[312.757721,206.373276]
[233.568787,282.231781]
[-1.000000,-1.000000]
[346.701813,270.960693]
[325.536346,243.264587]
[338.540588,246.704788]
[276.928192,314.792267]
[311.470093,328.791870]
[312.607910,354.272034]
[343.041473,286.443878]
[453.024994,226.674698]
[572.095032,185.086517]
[261.043701,315.614929]
[343.879944,250.937180]
[325.348816,297.112396]
[459.203979,213.120163]
[-1.000000,-1.000000]
[511.050446,287.582031]
[433.612305,206.631546]
[450.743164,360.178925]
[-1.000000,-1.000000]
[338.971039,208.695953]
[311.365173,344.537659]
[321.935577,213.954605]
[328.528961,356.828735]
[143.033752,349.485260]
[286.542542,328.200531]
[325.122223,209.685089]
[453.047272,226.678482]
[631.013794,361.659363]
[289.224365,326.823547]
[432.534821,131.508057]
[168.920380,338.064575]
[279.203979,165.579666]
[370.106506,421.952362]
[381.461212,278.893707]
[367.866943,433.430847]
[360.558411,394.127686]
[457.828888,263.174988]
[363.898743,158.318832]
[316.975403,214.532288]
[226.558456,302.186188]
[245.687531,290.642090]
[363.896118,158.318634]
[339.026489,208.334579]
[608.637512,303.073273]
[325.342712,297.116119]
[346.964203,278.754669]
[360.535980,394.141327]
[325.643463,352.315643]
[450.742310,360.178467]
[479.360809,53.422001]
[349.683228,380.677063]
[327.326843,214.560471]
[370.104340,421.952606]
[480.570190,351.300323]
[-1.000000,-1.000000]
[436.441132,238.622559]
[360.541718,394.139496]
[-1.000000,-1.000000]
[287.834564,325.465454]
[174.030899,352.113190]
[-1.000000,-1.000000]
[243.296387,439.177094]
[154.988800,335.974884]
[343.781281,258.858215]
[362.699280,405.323792]
[-1.000000,-1.000000]
[157.926331,335.974304]
[279.200195,165.619888]
[438.836578,191.445908]
[367.649902,194.361603]
[279.205353,165.607803]
[169.928680,341.069244]
[339.967102,239.951584]
[479.374146,53.434010]
[382.852661,192.718872]
[424.605377,231.326462]
[295.288422,164.950653]
[360.540131,394.143250]
[449.779907,403.439117]
[322.778809,198.745270]
[-1.000000,-1.000000]
[327.264160,270.507416]
[429.616852,278.708344]
[474.384277,172.782135]
[295.424713,328.784210]
[337.858978,270.094940]
[323.330536,347.863861]
[174.030930,352.113098]
[315.204559,344.421417]
[329.634155,261.395813]
[525.423950,268.875519]
[173.280212,325.877197]
[287.187317,280.643921]
[366.184845,236.134216]
[456.786011,413.680664]
[393.312775,282.305298]
[363.898010,158.292496]
[339.306458,275.156555]
[446.536407,250.055496]
[367.978882,125.795784]
[191.683411,151.463379]
[346.314453,284.340851]
[453.067657,226.667114]
[327.263489,187.313568]
[159.716949,16.664856]
[312.139008,212.036896]
[395.095306,222.763763]
[319.635681,200.718735]
[302.876373,337.562592]
[125.280441,359.305695]
[313.902710,346.738647]
[363.449249,404.363708]
[-1.000000,-1.000000]
[367.240692,187.258774]
[341.490479,254.251968]
[450.743805,360.183319]
[315.657898,351.093964]
[284.573669,330.125305]
[301.499023,146.141464]
[367.518951,192.272308]
[-1.000000,-1.000000]
[482.303558,168.923294]
[453.079315,226.663818]
[-1.000000,-1.000000]
[422.070526,157.878632]
[125.284889,355.252167]
[433.609253,206.601837]
[188.619690,366.651459]
[431.378326,292.085754]
[323.144135,205.180786]
[246.656570,272.212616]
[226.514145,302.085663]
[342.104309,274.223358]
[360.259979,444.911072]
[395.089081,222.797852]
[608.635315,303.070404]
[435.417053,140.578308]
[-1.000000,-1.000000]
[318.005219,343.505920]
[337.688354,289.916290]
[-1.000000,-1.000000]
[366.521790,404.947784]
[-1.000000,-1.000000]
[360.556152,394.128662]
[427.328339,190.965149]
[360.559906,394.120270]
[212.649841,237.260376]
[379.909851,196.757431]
[298.325562,335.536774]
[362.305847,402.839172]
[363.897888,158.292389]
[368.538452,401.674347]
[410.056702,287.347046]
[456.351410,278.963074]
[360.549133,394.137634]
[347.518585,377.078400]
[-1.000000,-1.000000]
[-1.000000,-1.000000]
[373.908661,187.660599]
[480.305298,351.634308]
[244.848312,346.214294]
[325.342712,297.116119]
[310.498627,217.292007]
[173.280380,325.876709]
[369.887268,209.798019]
[314.174957,288.952667]
[480.574097,351.296722]
[249.525284,289.478149]
[287.194641,280.631744]
[336.152588,264.581177]
[212.657135,237.266525]
[379.575012,187.565506]
[299.717896,195.589081]
[127.966896,363.058624]
[336.954132,368.987549]
[390.628967,183.081131]
[415.269379,188.302292]
[263.743164,302.381622]
[466.487274,240.187805]
[383.899933,138.737061]
[572.102844,185.032318]
[131.912964,363.954437]
[421.776642,276.906769]
[315.135773,341.277863]
[445.420685,255.539520]
[326.615967,206.373062]
[468.507843,187.583435]
[129.025894,353.080292]
[-1.000000,-1.000000]
[360.557953,394.124756]
[226.567841,302.185394]
[453.009918,226.669525]
[436.463043,357.138947]
[109.844429,436.441315]
[191.679474,151.463242]
[132.040466,359.102386]
[-1.000000,-1.000000]
[367.715515,186.167358]
[387.112457,193.390121]
[363.898376,158.311020]
[-1.000000,-1.000000]
[433.613312,206.624237]
[442.732147,276.070587]
[430.215668,308.865204]
[377.776062,271.162292]
[367.651672,194.354813]
[307.814301,343.582001]
[-1.000000,-1.000000]
[-1.000000,-1.000000]
[432.563507,131.498367]
[226.558304,302.183594]
[-1.000000,-1.000000]
[331.952667,270.322632]
[283.500824,324.488068]
[418.774841,227.494110]
[362.453094,440.906067]
[311.999756,328.135895]
[291.067841,330.251862]
[433.614105,206.581970]
[-1.000000,-1.000000]
[457.823639,263.190033]
[-1.000000,-1.000000]
[191.682220,151.462143]
[362.693665,405.324554]
[382.004089,220.885834]
[336.369751,371.138153]
[246.994858,282.748718]
[431.067047,172.977203]
[416.293732,365.065521]
[239.721268,310.791229]
[363.896484,158.334076]
[-1.000000,-1.000000]
[375.400696,187.473038]
[325.536896,243.264755]
[367.977173,125.808998]
[287.557709,330.799408]
[432.564240,131.505768]
[-1.000000,-1.000000]
[109.836143,436.433899]
[212.655884,237.266464]
[319.821045,345.678375]
[-1.000000,-1.000000]
[557.258301,201.007904]
[-1.000000,-1.000000]
[400.291901,289.694611]
[-1.000000,-1.000000]
[327.361633,187.536591]
[412.138916,183.498093]
[-1.000000,-1.000000]
[244.829773,280.012970]
[365.841736,191.070511]
[381.196686,189.417557]
[314.252838,288.859406]
[291.406769,331.259338]
[525.402710,268.936584]
[314.264465,288.843781]
[-1.000000,-1.000000]
[425.067322,150.274780]
[-1.000000,-1.000000]
[226.555099,302.186157]
[362.696259,405.323669]
[-1.000000,-1.000000]
[361.804535,427.282013]
[-1.000000,-1.000000]
[-1.000000,-1.000000]
[252.901611,288.852112]
[301.042084,185.279739]
[-1.000000,-1.000000]
[310.955872,338.808258]
[631.013794,361.659363]
[-1.000000,-1.000000]
[-1.000000,-1.000000]
[-1.000000,-1.000000]
[174.025909,352.119568]
[329.665802,349.414551]
[-1.000000,-1.000000]
[-1.000000,-1.000000]
[-1.000000,-1.000000]
[-1.000000,-1.000000]
[166.116455,367.063751]
[-1.000000,-1.000000]
[362.982269,449.093658]
[378.162476,235.842499]
[408.755737,343.111481]
[381.472656,278.891388]
[424.604614,231.872513]
[340.803955,261.469849]
[367.258698,199.346390]
[428.169312,154.454575]
[-1.000000,-1.000000]
[381.448120,278.895020]
[319.553345,334.145355]
[572.098267,185.029388]
[323.124756,237.283157]
[363.800049,408.480225]
[-1.000000,-1.000000]
[366.188477,236.112488]
[-1.000000,-1.000000]
[568.933411,195.231323]
[383.320251,223.695740]
[325.347198,297.110596]
[-1.000000,-1.000000]
[-1.000000,-1.000000]
[301.042786,185.278290]
[-1.000000,-1.000000]
[159.714325,16.650068]
[424.622498,231.797775]
[251.479538,276.797638]
[-1.000000,-1.000000]
[363.895569,158.326477]
[-1.000000,-1.000000]
[438.989990,289.432220]
[362.693665,405.324554]
[174.026520,352.112396]
[480.574463,351.296600]
[366.211884,236.103683]
[367.983459,125.802902]
[-1.000000,-1.000000]
[212.654633,237.267532]
[524.886169,269.637756]
[331.149078,44.258858]
[433.610138,206.581589]
[480.558777,351.307312]
[-1.000000,-1.000000]
[360.542511,394.137939]
[-1.000000,-1.000000]
[313.528717,336.166443]
[-1.000000,-1.000000]
[424.466003,231.050842]
[-1.000000,-1.000000]
[317.612274,175.721741]
[421.252808,186.630646]
[320.335846,34.755665]
[250.785461,313.670837]
[363.896423,158.294632]
[-1.000000,-1.000000]
[-1.000000,-1.000000]
[-1.000000,-1.000000]
[410.543457,228.238876]
[289.811523,156.834946]
[-1.000000,-1.000000]
[-1.000000,-1.000000]
[363.632202,438.286530]
[241.642548,333.579559]
[450.742004,360.178467]
[-1.000000,-1.000000]
[486.674774,182.214417]
[250.444839,293.518951]
[354.321198,267.280457]
[-1.000000,-1.000000]
[436.441681,238.618713]
[-1.000000,-1.000000]
[279.425690,156.043335]
[432.496582,337.609528]
[464.724274,237.215042]
[-1.000000,-1.000000]
[305.891754,198.689499]
[-1.000000,-1.000000]
[362.693024,405.323212]
[336.575806,258.925385]
[317.332153,335.282410]
[479.360657,53.434067]
[325.347260,297.110535]
[244.842514,346.229187]
[399.233612,372.453705]
[288.121552,338.136627]
[-1.000000,-1.000000]
[311.995056,328.127747]
[524.879578,269.655884]
[350.503876,251.560730]
[151.000244,364.895111]
[-1.000000,-1.000000]
[166.130539,367.067139]
[-1.000000,-1.000000]
[362.691467,405.322266]
[414.298950,225.950821]
[336.948303,272.458588]
[-1.000000,-1.000000]
[-1.000000,-1.000000]
[435.520477,272.260345]
[363.897827,158.334000]
[447.371490,293.456696]
[381.457947,278.906250]
[311.701691,290.949829]
[333.128571,41.178421]
[-1.000000,-1.000000]
[572.114624,185.066437]
[244.853119,346.218231]
[406.401337,291.760376]
[436.441681,238.618713]
[-1.000000,-1.000000]
[-1.000000,-1.000000]
[423.036041,355.929871]
[-1.000000,-1.000000]
[372.073273,286.714844]
[381.328461,164.213898]
[356.244049,412.966583]
[-1.000000,-1.000000]
[312.178314,328.312592]
[466.965912,239.584976]
[-1.000000,-1.000000]
[-1.000000,-1.000000]
[263.785736,302.415833]
[361.481842,250.335190]
[159.719666,16.707809]
[-1.000000,-1.000000]
[323.125885,237.288651]
[-1.000000,-1.000000]
[-1.000000,-1.000000]
[457.825714,263.183594]
[-1.000000,-1.000000]
[421.966736,324.443298]
[451.676636,275.718903]
[-1.000000,-1.000000]
[357.110535,233.578583]
[436.441254,238.620743]
[436.486115,357.133667]
[561.806519,422.417236]
[301.321045,146.059662]
[-1.000000,-1.000000]
[299.061310,170.694092]
[-1.000000,-1.000000]
[173.280380,325.876709]
[362.694855,405.323853]
[381.406158,278.906342]
[-1.000000,-1.000000]
[-1.000000,-1.000000]
[559.261780,190.722397]
[431.467621,276.729828]
[191.685867,151.455536]
[377.211090,289.546906]
[450.736572,360.188965]
[-1.000000,-1.000000]
[-1.000000,-1.000000]
[-1.000000,-1.000000]
[450.741760,360.178711]
[292.530212,324.592499]
[465.100403,215.776855]
[395.085419,222.788971]
[-1.000000,-1.000000]
[282.660522,334.601349]
[436.488159,357.130157]
[524.357910,270.299347]
[303.698120,334.285858]
[143.048080,349.473999]
[-1.000000,-1.000000]
[301.042328,185.278000]
[-1.000000,-1.000000]
[470.275055,217.980270]
[-1.000000,-1.000000]
[423.953125,184.955139]
[306.551483,330.556122]
[353.706024,364.901550]
[479.364563,53.442265]
[-1.000000,-1.000000]
[-1.000000,-1.000000]
[387.487579,237.561813]
[379.961151,288.623535]
[366.183685,236.131195]
[448.503632,377.209259]
[366.208984,236.107803]
[524.884094,269.637543]
[426.927551,343.806702]
[260.125610,283.051910]
[444.803986,291.492188]
[376.419189,444.600189]
[354.653625,237.522110]
[418.722321,193.233521]
[-1.000000,-1.000000]
[395.084290,222.807495]
[367.756104,186.204849]
[279.204590,165.577499]
[-1.000000,-1.000000]
[473.357147,63.542503]
[363.898773,158.321609]
[367.983551,125.798508]
[305.553986,323.887665]
[424.615692,231.332642]
[-1.000000,-1.000000]
[382.694031,425.228577]
[456.922363,282.598328]
[480.316681,351.625916]
[363.400909,141.032562]
[455.928223,396.506714]
[374.025696,283.009766]
[-1.000000,-1.000000]
[-1.000000,-1.000000]
[312.350555,170.667130]
[522.132324,271.699982]
[-1.000000,-1.000000]
[379.103119,272.458099]
[419.542908,290.445190]
[460.831482,221.793533]
[129.030151,348.087524]
[-1.000000,-1.000000]
[295.731110,324.314728]
[301.043701,185.283310]
[383.324493,193.506943]
[-1.000000,-1.000000]
[344.357513,238.359177]
[560.571289,187.525726]
[306.385498,138.007904]
[381.358612,278.111206]
[-1.000000,-1.000000]
[362.807526,249.958405]
[397.468689,317.415405]
[323.124329,237.283951]
[367.979828,125.799385]
[312.665314,333.202057]
[453.079285,226.664001]
[457.820984,263.197723]
[314.033508,151.984238]
[422.382172,280.031281]
[424.129150,335.452972]
[-1.000000,-1.000000]
[410.019196,184.191544]
[-1.000000,-1.000000]
[-1.000000,-1.000000]
[415.300690,348.128204]
[-1.000000,-1.000000]
[310.293610,221.486069]
[-1.000000,-1.000000]
[-1.000000,-1.000000]
[457.837830,262.955566]
[-1.000000,-1.000000]
[243.296539,439.175812]
[297.993164,330.543030]
[470.264130,218.001923]
[143.430740,349.182068]
[-1.000000,-1.000000]
[563.528687,197.871002]
[287.213409,280.651611]
[360.269470,273.366547]
[371.631073,402.754150]
[327.994995,344.403839]
[342.109619,264.917114]
[311.797333,290.896118]
[329.820923,266.799103]
[414.634583,218.354309]
[378.003510,287.197266]
[366.183685,236.135986]
[424.048401,350.926239]
[283.249725,173.263397]
[455.140900,212.145721]
[405.091705,187.333893]
[330.988953,210.361801]
[470.270996,217.980759]
[-1.000000,-1.000000]
[-1.000000,-1.000000]
[479.362518,53.438248]
[-1.000000,-1.000000]
[457.848755,262.965393]
[-1.000000,-1.000000]
[-1.000000,-1.000000]
[368.798431,441.533630]
[290.447968,328.737244]
[-1.000000,-1.000000]
[-1.000000,-1.000000]
[572.106018,185.070953]
[336.237885,252.449982]
[297.110138,323.923676]
[-1.000000,-1.000000]
[300.350708,197.553436]
[460.521362,215.477310]
[273.451813,297.499817]
[-1.000000,-1.000000]
[325.342560,297.115845]
[-1.000000,-1.000000]
[450.738922,360.185608]
[-1.000000,-1.000000]
[311.998657,328.124542]
[453.074280,226.672058]
[-1.000000,-1.000000]
[-1.000000,-1.000000]
[-1.000000,-1.000000]
[411.578674,346.055573]
[-1.000000,-1.000000]
[450.379913,266.299622]
[-1.000000,-1.000000]
[-1.000000,-1.000000]
[411.623413,367.589142]
[382.307892,234.644501]
[-1.000000,-1.000000]
[248.204559,310.703461]
[391.716492,295.023071]
[-1.000000,-1.000000]
[468.952362,57.011017]
[-1.000000,-1.000000]
[381.431732,278.896667]
[424.402649,135.739960]
[282.285522,171.027618]
[291.562012,332.890747]
[-1.000000,-1.000000]
[-1.000000,-1.000000]
[450.050690,295.101288]
[-1.000000,-1.000000]
[109.844429,436.441315]
[369.404724,278.662018]
[401.647675,314.735352]
[369.713470,277.330719]
[-1.000000,-1.000000]
[424.613953,231.865234]
[371.924866,285.435089]
[-1.000000,-1.000000]
[362.693024,405.323212]
[384.016479,143.766022]
[-1.000000,-1.000000]
[-1.000000,-1.000000]
[313.134491,200.937912]
[561.975281,422.162781]
[390.525299,182.933899]
[380.234558,447.189758]
[-1.000000,-1.000000]
[-1.000000,-1.000000]
[-1.000000,-1.000000]
[-1.000000,-1.000000]
[367.646088,194.351547]
[-1.000000,-1.000000]
[413.570343,370.552216]
[409.162537,369.541901]
[301.038971,185.266388]
[-1.000000,-1.000000]
[453.075592,226.667404]
[277.078949,327.709625]
[366.186646,236.112823]
[316.745422,169.252975]
[-1.000000,-1.000000]
[313.565002,175.410522]
[312.568604,158.200653]
[188.621567,366.645599]
[-1.000000,-1.000000]
[440.093903,190.601898]
[-1.000000,-1.000000]
[322.731232,341.080750]
[-1.000000,-1.000000]
[-1.000000,-1.000000]
[377.776031,271.160431]
[470.243347,218.066895]
[-1.000000,-1.000000]
[-1.000000,-1.000000]
[363.895233,158.294968]
[-1.000000,-1.000000]
[368.033997,276.850311]
[-1.000000,-1.000000]
[-1.000000,-1.000000]
[302.165283,325.769348]
[312.352295,362.102844]
[-1.000000,-1.000000]
[381.437988,278.884796]
[-1.000000,-1.000000]
[456.744354,413.655548]
[350.317474,366.670410]
[-1.000000,-1.000000]
[-1.000000,-1.000000]
[635.138550,377.261536]
[-1.000000,-1.000000]
[-1.000000,-1.000000]
[-1.000000,-1.000000]
[324.090302,277.553192]
[-1.000000,-1.000000]
[295.377167,316.974243]
[343.630798,299.608551]
[367.650787,194.364655]
[330.622864,316.393616]
[301.497192,146.138458]
[-1.000000,-1.000000]
[279.203217,165.610367]
[-1.000000,-1.000000]
[-1.000000,-1.000000]
[-1.000000,-1.000000]
[367.352661,201.281891]
[430.820129,333.047882]
[422.071350,157.890015]
[-1.000000,-1.000000]
[279.558258,156.554642]
[-1.000000,-1.000000]
[249.457031,272.264740]
[285.842499,302.393402]
[-1.000000,-1.000000]
[159.715378,16.712730]
[-1.000000,-1.000000]
[387.907990,447.088776]
[346.845764,371.294647]
[436.476532,357.137878]
[303.373474,331.282654]
[-1.000000,-1.000000]
[-1.000000,-1.000000]
[358.060059,376.940277]
[-1.000000,-1.000000]
[152.959641,360.883484]
[432.569489,131.490112]
[-1.000000,-1.000000]
[-1.000000,-1.000000]
[-1.000000,-1.000000]
[293.183502,327.763641]
[-1.000000,-1.000000]
[273.414032,302.106964]
[301.323517,146.056320]
[-1.000000,-1.000000]
[-1.000000,-1.000000]
[-1.000000,-1.000000]
[279.205536,165.586594]
[-1.000000,-1.000000]
[444.282410,387.875214]
[-1.000000,-1.000000]
[-1.000000,-1.000000]
[323.123596,237.278900]
[301.020721,185.235016]
[-1.000000,-1.000000]
[-1.000000,-1.000000]
[291.595764,326.817261]
[-1.000000,-1.000000]
[-1.000000,-1.000000]
[-1.000000,-1.000000]
[608.635315,303.070404]
[395.084290,222.809235]
[444.281708,387.869049]
[-1.000000,-1.000000]
[120.163528,429.353455]
[-1.000000,-1.000000]
[457.837677,262.936951]
[-1.000000,-1.000000]
[351.103485,416.956177]
[-1.000000,-1.000000]
[325.527100,243.255463]
[-1.000000,-1.000000]
[356.694794,402.481049]
[395.561768,408.758881]
[-1.000000,-1.000000]
[-1.000000,-1.000000]
[436.442810,238.619431]
[-1.000000,-1.000000]
[409.521576,218.342056]
[370.035645,214.012115]
[-1.000000,-1.000000]
[-1.000000,-1.000000]
[-1.000000,-1.000000]
[346.554291,263.917053]
[344.110413,290.660187]
[-1.000000,-1.000000]
[452.499786,234.311234]
[-1.000000,-1.000000]
[-1.000000,-1.000000]
[394.120728,431.749298]
[479.370300,53.427368]
[-1.000000,-1.000000]
[408.307098,374.993103]
[306.024719,22.045609]
[511.038055,287.578766]
[395.087708,222.758118]
[320.324890,34.760544]
[-1.000000,-1.000000]
[-1.000000,-1.000000]
[380.229858,145.382172]
[391.726746,295.028351]
[-1.000000,-1.000000]
[469.897766,218.864258]
[411.156982,362.750275]
[444.282532,387.868378]
[450.736572,360.188965]
[388.919830,308.955902]
[304.411011,209.895660]
[356.436493,283.855774]
[423.087891,140.740173]
[452.476685,344.895569]
[402.604340,414.009674]
[431.768463,268.887329]
[451.836273,271.887329]
[-1.000000,-1.000000]
[-1.000000,-1.000000]
[314.235046,288.920837]
[-1.000000,-1.000000]
[301.353271,160.168823]
[-1.000000,-1.000000]
[174.022491,352.117554]
[535.442505,271.322510]
[-1.000000,-1.000000]
[436.448395,238.617798]
[-1.000000,-1.000000]
[301.019043,185.230194]
[-1.000000,-1.000000]
[-1.000000,-1.000000]
[-1.000000,-1.000000]
[480.305298,351.634308]
[-1.000000,-1.000000]
[257.486206,278.055023]
[325.347260,297.110535]
[-1.000000,-1.000000]
[-1.000000,-1.000000]
[166.116455,367.063751]
[-1.000000,-1.000000]
[-1.000000,-1.000000]
[426.500122,204.865311]
[-1.000000,-1.000000]
[266.301331,298.290588]
[-1.000000,-1.000000]
[-1.000000,-1.000000]
[382.212433,129.683640]
[407.506805,310.876190]
[386.341248,291.831146]
[397.683411,295.014923]
[-1.000000,-1.000000]
[480.451538,171.529739]
[-1.000000,-1.000000]
[-1.000000,-1.000000]
[411.247711,202.407120]
[436.458832,357.170166]
[-1.000000,-1.000000]
[327.303314,187.424637]
[378.716827,126.803528]
[-1.000000,-1.000000]
[-1.000000,-1.000000]
[378.992065,159.525909]
[396.409515,185.906387]
[-1.000000,-1.000000]
[-1.000000,-1.000000]
[-1.000000,-1.000000]
[-1.000000,-1.000000]
[244.851669,346.221405]
[-1.000000,-1.000000]
[332.378357,37.125439]
[-1.000000,-1.000000]
[277.790619,169.157883]
[368.178131,199.093002]
[325.844269,219.762741]
[-1.000000,-1.000000]
[-1.000000,-1.000000]
[-1.000000,-1.000000]
[423.290955,292.641510]
[-1.000000,-1.000000]
[311.969238,319.316193]
[-1.000000,-1.000000]
[-1.000000,-1.000000]
[401.351196,410.400574]
[332.750977,228.457367]
[143.153931,349.396606]
[-1.000000,-1.000000]
[408.472351,278.759491]
[375.070129,446.705414]
[380.821259,416.169647]
[453.067291,226.666321]
[-1.000000,-1.000000]
[-1.000000,-1.000000]
[-1.000000,-1.000000]
[-1.000000,-1.000000]
[-1.000000,-1.000000]
[-1.000000,-1.000000]
[-1.000000,-1.000000]
[395.091370,222.746902]
[-1.000000,-1.000000]
[377.778534,271.169312]
[479.371002,53.438774]
[-1.000000,-1.000000]
[-1.000000,-1.000000]
[385.505676,214.844666]
[-1.000000,-1.000000]
[-1.000000,-1.000000]
[-1.000000,-1.000000]
[-1.000000,-1.000000]
[-1.000000,-1.000000]
[394.165833,276.808899]
[-1.000000,-1.000000]
[446.699738,235.064972]
[-1.000000,-1.000000]
[441.070587,403.555542]
[433.276520,193.636993]
[-1.000000,-1.000000]
[320.325867,34.782532]
[-1.000000,-1.000000]
[-1.000000,-1.000000]
[-1.000000,-1.000000]
[263.941956,297.782898]
[-1.000000,-1.000000]
[244.848312,346.214294]
[-1.000000,-1.000000]
[323.707428,238.299591]
[407.122955,356.403839]
[360.557617,394.130768]
[447.428253,268.674255]
[377.777466,271.164459]
[444.175507,268.244598]
[-1.000000,-1.000000]
[-1.000000,-1.000000]
[-1.000000,-1.000000]
[-1.000000,-1.000000]
[-1.000000,-1.000000]
[463.360535,224.414001]
[-1.000000,-1.000000]
[-1.000000,-1.000000]
[-1.000000,-1.000000]
[369.972778,196.305283]
[-1.000000,-1.000000]
[-1.000000,-1.000000]
[111.134010,410.779266]
[436.501801,357.129364]
[433.610138,206.581589]
[345.146667,304.152130]
[395.085571,222.806000]
[-1.000000,-1.000000]
[631.013794,361.659363]
[374.368256,166.648483]
[354.752869,359.385284]
[-1.000000,-1.000000]
[159.889206,367.023987]
[397.286011,426.566345]
[314.631287,332.325409]
[-1.000000,-1.000000]
[-1.000000,-1.000000]
[301.498444,146.146454]
[365.231903,191.971558]
[-1.000000,-1.000000]
[279.469910,176.478165]
[-1.000000,-1.000000]
[-1.000000,-1.000000]
[244.727722,276.587463]
[-1.000000,-1.000000]
[-1.000000,-1.000000]
[608.634827,303.078888]
[572.084351,185.030777]
