[174.007004,352.079681]
[321.451202,302.030701]
[143.454971,349.211426]
[143.454956,349.194763]
[143.459457,349.211182]
[143.452316,349.216492]
[260.453949,308.858704]
[234.279358,286.588226]
[143.072556,349.496552]
[360.219360,398.878815]
[360.226074,398.882111]
[369.670288,423.587646]
[234.270355,286.566620]
[369.665802,423.585236]
[362.048615,237.951843]
[260.477356,308.885468]
[360.234711,398.875671]
[572.074463,185.034775]
[141.985687,361.888885]
[335.887054,284.540161]
[305.251373,191.302933]
[352.256042,273.152924]
[143.457260,349.213776]
[369.661011,423.568390]
[296.595276,351.532227]
[234.270706,286.567902]
[567.043701,205.607819]
[387.173065,182.250031]
[286.174927,342.411255]
[258.669922,307.933350]
[307.222443,157.531067]
[322.949615,240.852249]
[307.222443,157.531067]
[142.017075,339.056335]
[364.917542,129.241470]
[308.397888,361.435028]
[172.987030,340.033386]
[572.098694,185.046280]
[326.954407,280.400787]
[387.355286,182.549942]
[145.971954,362.919037]
[320.234863,34.586304]
[284.265900,171.122406]
[339.905151,385.286682]
[307.898529,356.998749]
[369.673981,423.590027]
[511.168488,287.474457]
[178.011261,340.020325]
[511.164612,287.471649]
[328.532928,377.327789]
[173.317673,325.842987]
[-1.000000,-1.000000]
[340.285370,270.454132]
[332.515900,289.132080]
[347.949005,273.078125]
[143.058502,349.513092]
[173.317001,325.844086]
[265.372314,313.664398]
[317.227936,363.043427]
[479.506104,53.285965]
[326.480835,265.075439]
[319.514130,368.444885]
[572.066467,185.024872]
[-1.000000,-1.000000]
[191.407608,151.418060]
[319.908600,358.845551]
[460.986206,255.609924]
[295.084656,354.924713]
[480.317627,351.594818]
[460.984283,255.403122]
[321.459106,302.028381]
[301.441742,166.311966]
[143.056763,349.516327]
[313.499084,366.196747]
[369.663055,423.574921]
[302.103271,356.732147]
[362.701660,445.726685]
[163.944763,335.989838]
[234.295013,286.642029]
[313.948120,206.910629]
[234.266373,286.567749]
[-1.000000,-1.000000]
[345.087006,271.401520]
[322.957947,240.859329]
[335.674072,243.440552]
[270.551331,319.473267]
[308.535858,336.227539]
[310.988983,362.665955]
[338.931122,290.168640]
[460.317444,221.379211]
[572.082581,185.048019]
[256.033997,320.830353]
[341.783997,248.725204]
[321.460419,302.030396]
[467.469391,212.973175]
[-1.000000,-1.000000]
[511.170959,287.475647]
[423.980774,205.076706]
[452.838287,359.542847]
[-1.000000,-1.000000]
[336.175232,207.626297]
[308.866882,352.728363]
[322.602020,214.664337]
[328.022400,364.164673]
[143.057968,349.507965]
[281.620667,334.588074]
[325.915497,210.318314]
[460.364349,221.346710]
[631.040771,361.547333]
[284.470490,333.496979]
[422.857330,125.856956]
[168.922882,338.045288]
[284.260712,171.010315]
[369.682404,423.603149]
[378.149170,279.793091]
[367.644409,434.359131]
[360.237488,398.873840]
[460.991791,255.596100]
[361.024048,160.205536]
[317.638916,215.083389]
[220.129639,295.774292]
[243.464401,287.937347]
[361.022095,160.205139]
[336.174561,207.315857]
[608.614075,303.121857]
[321.455170,302.032562]
[344.661499,280.613525]
[360.210052,398.883331]
[324.891205,360.559265]
[452.838440,359.542694]
[479.493286,53.267387]
[349.737762,386.902100]
[327.808044,215.188049]
[369.678955,423.602814]
[480.522156,351.379364]
[-1.000000,-1.000000]
[436.442200,239.269714]
[360.216644,398.882721]
[-1.000000,-1.000000]
[282.766998,331.808380]
[174.035599,352.082947]
[-1.000000,-1.000000]
[243.335205,439.109161]
[155.011490,335.987061]
[340.794250,258.915955]
[362.396454,409.559814]
[-1.000000,-1.000000]
[157.954269,335.986908]
[284.280457,171.314545]
[428.307983,198.839478]
[364.679047,189.117905]
[284.279724,171.234314]
[169.928070,341.051483]
[337.568024,235.963959]
[479.506104,53.285965]
[378.870575,190.542023]
[413.780273,232.866440]
[301.228790,175.593445]
[360.213043,398.883881]
[451.049835,407.251923]
[324.517975,199.078537]
[-1.000000,-1.000000]
[323.546844,271.967560]
[430.112671,274.920898]
[473.078522,212.232681]
[291.468811,336.333344]
[334.249969,271.671265]
[321.674438,355.601776]
[174.035568,352.082581]
[312.997498,352.304749]
[326.378082,261.796143]
[525.689819,268.516174]
[173.317490,325.842926]
[-1.000000,-1.000000]
[362.029755,237.989487]
[458.351959,414.184692]
[390.510468,282.378143]
[361.024658,160.183105]
[335.411133,278.025635]
[450.455200,244.527725]
[364.916199,129.237625]
[191.409073,151.417679]
[343.386261,286.925964]
[460.411224,221.298965]
[329.632629,193.373367]
[159.400238,16.599556]
[312.969360,212.624329]
[387.703033,216.244568]
[321.070953,201.067566]
[299.729309,345.659943]
[125.284721,359.333832]
[311.749115,354.788116]
[363.139618,408.685547]
[-1.000000,-1.000000]
[364.386902,183.954468]
[338.656891,252.651138]
[452.838287,359.553650]
[314.211121,359.312195]
[279.796783,336.699463]
[307.373413,157.636322]
[364.701050,187.948410]
[-1.000000,-1.000000]
[481.994629,206.662369]
[460.450378,221.254684]
[-1.000000,-1.000000]
[412.153412,163.019455]
[125.289307,355.276672]
[423.979980,205.048477]
[188.573990,366.664154]
[433.935944,289.299164]
[324.335571,205.882355]
[245.222290,273.097656]
[222.705078,297.609955]
[338.274414,276.810242]
[360.227081,445.028900]
[387.698273,216.274353]
[608.611328,303.121613]
[425.776581,136.968262]
[-1.000000,-1.000000]
[315.900177,351.075989]
[333.464294,294.530182]
[-1.000000,-1.000000]
[366.305725,409.359589]
[-1.000000,-1.000000]
[360.236053,398.874847]
[418.115051,190.596954]
[360.241119,398.868805]
[212.787628,237.436340]
[376.641113,193.154877]
[295.213013,343.780304]
[361.891296,407.133575]
[361.024475,160.183182]
[368.220032,406.114532]
[410.273865,286.093658]
[458.273895,273.825928]
[360.227966,398.882355]
[347.615265,383.507812]
[-1.000000,-1.000000]
[-1.000000,-1.000000]
[371.157867,186.531494]
[480.314728,351.599030]
[244.657700,345.555603]
[321.455170,302.032562]
[310.977448,217.950806]
[173.317673,325.842987]
[365.244171,198.113983]
[309.992371,293.338104]
[480.529877,351.369141]
[238.769714,285.705292]
[-1.000000,-1.000000]
[332.735352,265.869751]
[212.655518,237.426147]
[376.775452,186.502777]
[301.973694,197.546692]
[127.964119,363.091278]
[336.724609,376.165283]
[387.228333,182.289307]
[405.618073,190.126877]
[260.453278,308.856934]
[472.633972,231.323929]
[380.890106,142.683777]
[572.086426,185.005005]
[131.929077,363.988770]
[420.789185,273.756805]
[312.815430,349.017639]
[448.325531,249.663193]
[327.737213,206.971954]
[469.654846,216.000015]
[129.013779,353.095245]
[-1.000000,-1.000000]
[360.238495,398.872070]
[220.109604,295.739929]
[460.293060,221.385010]
[439.607269,357.623657]
[110.342789,436.702240]
[191.405548,151.412949]
[132.030243,359.128876]
[-1.000000,-1.000000]
[364.845367,183.199844]
[384.116211,192.121826]
[361.024658,160.197556]
[-1.000000,-1.000000]
[423.982574,205.063675]
[443.876862,272.054077]
[431.193909,311.755402]
[374.319489,273.360046]
[364.681183,189.116165]
[305.222595,351.936859]
[-1.000000,-1.000000]
[-1.000000,-1.000000]
[422.883148,125.851021]
[220.116211,295.761108]
[-1.000000,-1.000000]
[328.320862,271.640564]
[278.892548,331.214142]
[406.964020,227.611572]
[362.368500,441.156769]
[309.265869,335.261169]
[286.187469,336.658051]
[423.986267,205.030670]
[-1.000000,-1.000000]
[460.988434,255.604401]
[-1.000000,-1.000000]
[191.403442,151.408035]
[362.389832,409.558777]
[377.419098,217.246918]
[336.105682,378.267090]
[247.080551,286.508209]
[422.390747,182.369690]
[417.995636,365.187836]
[239.563873,313.324768]
[361.023285,160.218719]
[-1.000000,-1.000000]
[372.649628,186.565002]
[322.959167,240.861099]
[364.914551,129.249756]
[282.555145,337.045990]
[422.882904,125.860641]
[-1.000000,-1.000000]
[110.331261,436.686890]
[212.728683,237.438950]
[317.806580,353.078186]
[-1.000000,-1.000000]
[557.253845,200.968155]
[-1.000000,-1.000000]
[399.580444,290.698303]
[-1.000000,-1.000000]
[329.688416,193.528717]
[402.948761,180.020844]
[-1.000000,-1.000000]
[244.045044,282.453461]
[362.856293,186.387756]
[377.735992,187.605591]
[310.053253,293.347046]
[286.500031,337.597931]
[525.651489,268.597168]
[310.060486,293.345398]
[-1.000000,-1.000000]
[414.928192,155.804596]
[-1.000000,-1.000000]
[220.107513,295.749817]
[362.391602,409.558075]
[-1.000000,-1.000000]
[361.527802,428.858673]
[-1.000000,-1.000000]
[-1.000000,-1.000000]
[243.178864,287.542419]
[305.251373,191.302933]
[-1.000000,-1.000000]
[308.216675,346.835480]
[631.040771,361.547333]
[-1.000000,-1.000000]
[-1.000000,-1.000000]
[-1.000000,-1.000000]
[174.032364,352.090546]
[328.237091,356.991364]
[-1.000000,-1.000000]
[-1.000000,-1.000000]
[-1.000000,-1.000000]
[-1.000000,-1.000000]
[166.102448,366.984558]
[-1.000000,-1.000000]
[362.965759,449.131836]
[373.011566,236.295532]
[409.581696,344.416016]
[378.163116,279.792328]
[413.831512,233.408768]
[337.648651,262.504547]
[363.817657,191.501511]
[418.085327,159.364334]
[-1.000000,-1.000000]
[378.141571,279.795532]
[317.451996,340.930817]
[572.080566,185.003296]
[321.210693,235.745300]
[363.419159,412.258667]
[-1.000000,-1.000000]
[362.034393,237.966187]
[-1.000000,-1.000000]
[568.904236,195.229980]
[378.988251,221.357391]
[321.459106,302.028381]
[-1.000000,-1.000000]
[-1.000000,-1.000000]
[305.251923,191.303238]
[-1.000000,-1.000000]
[159.401047,16.586714]
[413.846375,233.350677]
[250.023605,278.816528]
[-1.000000,-1.000000]
[361.021332,160.210419]
[-1.000000,-1.000000]
[441.292328,285.779877]
[362.389832,409.558777]
[174.032486,352.082916]
[480.529877,351.369476]
[362.048615,237.951843]
[364.921295,129.242035]
[-1.000000,-1.000000]
[212.727722,237.432281]
[525.157715,269.337158]
[331.097412,44.191353]
[423.982605,205.030716]
[480.516418,351.376617]
[-1.000000,-1.000000]
[360.217804,398.881104]
[-1.000000,-1.000000]
[310.869751,343.805328]
[-1.000000,-1.000000]
[413.607269,232.562225]
[-1.000000,-1.000000]
[321.024872,179.581039]
[411.731262,189.411789]
[320.198792,34.584869]
[246.712860,318.198090]
[361.022308,160.184937]
[-1.000000,-1.000000]
[-1.000000,-1.000000]
[-1.000000,-1.000000]
[400.771851,224.478485]
[296.019257,166.324295]
[-1.000000,-1.000000]
[-1.000000,-1.000000]
[363.496277,438.671783]
[241.564880,332.835266]
[452.837280,359.541168]
[-1.000000,-1.000000]
[495.609711,187.941132]
[233.407227,283.487701]
[352.758911,268.260864]
[-1.000000,-1.000000]
[436.443481,239.266922]
[-1.000000,-1.000000]
[285.201111,161.711472]
[433.115173,337.912140]
[471.188904,228.827545]
[-1.000000,-1.000000]
[307.727570,199.768387]
[-1.000000,-1.000000]
[362.390137,409.558655]
[333.535889,258.806702]
[315.190338,342.137878]
[479.491302,53.279194]
[321.458679,302.028503]
[244.652969,345.572998]
[401.825775,374.858826]
[282.681549,343.521301]
[-1.000000,-1.000000]
[309.260590,335.251587]
[525.150269,269.370483]
[351.598175,250.348618]
[151.049408,364.901611]
[-1.000000,-1.000000]
[166.118469,366.986786]
[-1.000000,-1.000000]
[362.386963,409.557190]
[403.314972,224.197021]
[333.200745,274.591919]
[-1.000000,-1.000000]
[-1.000000,-1.000000]
[435.204590,269.001221]
[361.023590,160.213181]
[449.532379,290.167725]
[378.147644,279.803375]
[308.670868,294.472565]
[333.051422,41.110813]
[-1.000000,-1.000000]
[572.102051,185.029678]
[244.663879,345.570587]
[407.125122,292.162659]
[436.443481,239.266922]
[-1.000000,-1.000000]
[-1.000000,-1.000000]
[424.980591,355.014832]
[-1.000000,-1.000000]
[367.524109,289.820282]
[378.737213,166.339569]
[355.147858,415.043823]
[-1.000000,-1.000000]
[309.434570,335.457581]
[473.947662,229.296432]
[-1.000000,-1.000000]
[-1.000000,-1.000000]
[260.476379,308.886108]
[359.172180,252.168152]
[159.405563,16.655760]
[-1.000000,-1.000000]
[321.211456,235.750214]
[-1.000000,-1.000000]
[-1.000000,-1.000000]
[460.991302,255.600800]
[-1.000000,-1.000000]
[422.291168,330.948517]
[453.305908,271.553833]
[-1.000000,-1.000000]
[353.494385,233.443329]
[436.444122,239.268082]
[439.637482,357.612640]
[561.760498,422.443390]
[307.218750,157.533859]
[-1.000000,-1.000000]
[304.390869,178.493317]
[-1.000000,-1.000000]
[173.317673,325.842987]
[362.391266,409.558868]
[378.098236,279.812775]
[-1.000000,-1.000000]
[-1.000000,-1.000000]
[559.260132,190.685303]
[431.544373,273.338898]
[191.410187,151.412369]
[372.768951,291.554138]
[452.833466,359.556183]
[-1.000000,-1.000000]
[-1.000000,-1.000000]
[-1.000000,-1.000000]
[452.837128,359.541565]
[287.674744,331.401733]
[470.494598,218.286530]
[387.697235,216.265274]
[-1.000000,-1.000000]
[277.137634,340.054779]
[439.637451,357.610992]
[524.605713,269.976685]
[300.587799,342.406464]
[143.072556,349.496552]
[-1.000000,-1.000000]
[305.251617,191.302917]
[-1.000000,-1.000000]
[478.314331,211.548096]
[-1.000000,-1.000000]
[414.499176,179.431793]
[303.397247,338.433319]
[352.928833,371.531342]
[479.499390,53.281734]
[-1.000000,-1.000000]
[-1.000000,-1.000000]
[382.524963,235.299622]
[375.619720,290.286285]
[362.030029,237.986008]
[448.433014,380.183533]
[362.048889,237.956955]
[525.156738,269.346008]
[427.841766,343.127930]
[263.757629,291.848999]
[447.140503,287.951111]
[376.420074,446.228577]
[351.479156,237.068237]
[408.830994,193.000153]
[-1.000000,-1.000000]
[387.696381,216.279572]
[364.901978,183.362762]
[284.260559,171.009216]
[-1.000000,-1.000000]
[473.492615,63.473148]
[361.025299,160.208206]
[364.921387,129.236206]
[302.136536,331.284729]
[413.793793,232.875656]
[-1.000000,-1.000000]
[382.724091,427.147919]
[458.652466,278.070404]
[480.337219,351.581360]
[360.310974,144.794418]
[456.455505,398.020477]
[369.366394,285.590149]
[-1.000000,-1.000000]
[-1.000000,-1.000000]
[317.255768,177.253845]
[522.316833,271.526276]
[-1.000000,-1.000000]
[376.156799,274.517853]
[420.215454,288.115997]
[470.769958,212.257614]
[129.021027,348.102356]
[-1.000000,-1.000000]
[291.952881,332.202454]
[305.253357,191.308807]
[379.255493,191.227615]
[-1.000000,-1.000000]
[347.425476,236.257523]
[560.549866,187.519287]
[310.461548,150.870926]
[378.125153,279.048096]
[-1.000000,-1.000000]
[359.876373,252.054245]
[398.593140,324.840027]
[321.210510,235.746613]
[364.916992,129.238831]
[309.899902,340.773315]
[460.450256,221.254730]
[460.986908,255.609833]
[319.589142,164.872299]
[422.104340,276.427734]
[424.457642,338.220306]
[-1.000000,-1.000000]
[401.173370,177.635071]
[-1.000000,-1.000000]
[-1.000000,-1.000000]
[415.770966,347.347809]
[-1.000000,-1.000000]
[310.235931,221.756866]
[-1.000000,-1.000000]
[-1.000000,-1.000000]
[460.984344,255.437119]
[-1.000000,-1.000000]
[243.338501,439.108398]
[294.686401,338.612061]
[478.288544,211.583084]
[143.453873,349.201416]
[-1.000000,-1.000000]
[563.515625,197.821991]
[-1.000000,-1.000000]
[359.016327,276.214020]
[371.421478,407.237854]
[325.607697,351.492981]
[338.696655,266.356140]
[308.701019,294.449951]
[326.311554,267.742584]
[403.785370,216.111679]
[373.585388,288.940216]
[362.029083,237.993149]
[425.498505,350.045746]
[288.397980,182.253952]
[463.737701,210.580185]
[397.199890,187.266724]
[331.459198,210.392853]
[478.295471,211.573196]
[-1.000000,-1.000000]
[-1.000000,-1.000000]
[479.490417,53.281090]
[-1.000000,-1.000000]
[460.993561,255.446533]
[-1.000000,-1.000000]
[-1.000000,-1.000000]
[368.711456,442.418060]
[285.761444,335.426453]
[-1.000000,-1.000000]
[-1.000000,-1.000000]
[572.091125,185.038620]
[333.314240,250.677017]
[293.701599,332.084229]
[-1.000000,-1.000000]
[302.267151,198.822144]
[466.924469,216.120560]
[268.236298,305.430511]
[-1.000000,-1.000000]
[321.455170,302.032562]
[-1.000000,-1.000000]
[452.831207,359.554901]
[-1.000000,-1.000000]
[309.265320,335.249329]
[460.450470,221.253922]
[-1.000000,-1.000000]
[-1.000000,-1.000000]
[-1.000000,-1.000000]
[412.052338,346.166351]
[-1.000000,-1.000000]
[453.613434,256.693481]
[-1.000000,-1.000000]
[-1.000000,-1.000000]
[413.088135,368.101471]
[377.739075,233.399704]
[-1.000000,-1.000000]
[245.370819,313.322540]
[388.070251,296.675079]
[-1.000000,-1.000000]
[469.051605,56.996803]
[-1.000000,-1.000000]
[378.121613,279.800354]
[414.611633,130.610153]
[286.867767,176.778107]
[286.617676,339.166260]
[-1.000000,-1.000000]
[-1.000000,-1.000000]
[452.246674,291.969696]
[-1.000000,-1.000000]
[110.342789,436.702240]
[365.879883,282.139771]
[402.724640,322.972778]
[366.125702,280.545197]
[-1.000000,-1.000000]
[413.843140,233.405899]
[367.464844,288.446320]
[-1.000000,-1.000000]
[362.390137,409.558655]
[380.918823,146.718796]
[-1.000000,-1.000000]
[-1.000000,-1.000000]
[314.392731,201.088058]
[561.948975,422.157928]
[387.066620,181.992355]
[380.334015,449.160980]
[-1.000000,-1.000000]
[-1.000000,-1.000000]
[-1.000000,-1.000000]
[-1.000000,-1.000000]
[364.678314,189.125275]
[-1.000000,-1.000000]
[415.687042,372.091309]
[410.856903,370.639587]
[305.247833,191.288605]
[-1.000000,-1.000000]
[460.451813,221.249481]
[272.172180,334.224152]
[362.032166,237.964981]
[320.851227,175.478043]
[-1.000000,-1.000000]
[318.037323,180.850037]
[318.420288,171.177170]
[188.576492,366.657440]
[-1.000000,-1.000000]
[429.815277,200.193893]
[-1.000000,-1.000000]
[320.642212,347.891510]
[-1.000000,-1.000000]
[-1.000000,-1.000000]
[374.319702,273.359955]
[478.227722,211.703400]
[-1.000000,-1.000000]
[-1.000000,-1.000000]
[361.021637,160.184113]
[-1.000000,-1.000000]
[365.040710,280.127258]
[-1.000000,-1.000000]
[-1.000000,-1.000000]
[298.635468,333.535492]
[311.084686,370.152466]
[-1.000000,-1.000000]
[378.133698,279.791199]
[-1.000000,-1.000000]
[458.315125,414.167419]
[349.746155,373.473938]
[-1.000000,-1.000000]
[-1.000000,-1.000000]
[635.226196,377.106995]
[-1.000000,-1.000000]
[-1.000000,-1.000000]
[-1.000000,-1.000000]
[320.037720,281.649628]
[-1.000000,-1.000000]
[291.559967,325.205475]
[339.066101,305.456787]
[364.679199,189.122070]
[327.699310,319.894806]
[307.372345,157.633575]
[-1.000000,-1.000000]
[284.277100,171.214340]
[-1.000000,-1.000000]
[-1.000000,-1.000000]
[-1.000000,-1.000000]
[363.684753,192.328857]
[431.402649,334.898224]
[412.154968,163.048340]
[-1.000000,-1.000000]
[285.283722,162.651672]
[-1.000000,-1.000000]
[246.942032,273.470551]
[284.545349,311.778107]
[-1.000000,-1.000000]
[159.404694,16.664673]
[-1.000000,-1.000000]
[388.538574,450.145569]
[346.747437,377.980469]
[439.623505,357.620880]
[300.174103,339.277618]
[-1.000000,-1.000000]
[-1.000000,-1.000000]
[357.719757,383.096222]
[-1.000000,-1.000000]
[153.003372,360.892975]
[422.889496,125.843788]
[-1.000000,-1.000000]
[-1.000000,-1.000000]
[-1.000000,-1.000000]
[288.542999,334.624115]
[-1.000000,-1.000000]
[268.653381,307.948853]
[307.220673,157.531204]
[-1.000000,-1.000000]
[-1.000000,-1.000000]
[-1.000000,-1.000000]
[284.263153,171.036301]
[-1.000000,-1.000000]
[444.416351,393.007629]
[-1.000000,-1.000000]
[-1.000000,-1.000000]
[321.211731,235.746750]
[305.228027,191.254654]
[-1.000000,-1.000000]
[-1.000000,-1.000000]
[286.894989,333.641846]
[-1.000000,-1.000000]
[-1.000000,-1.000000]
[-1.000000,-1.000000]
[608.611328,303.121613]
[387.694794,216.281998]
[444.418396,392.995483]
[-1.000000,-1.000000]
[120.346382,429.193329]
[-1.000000,-1.000000]
[460.981842,255.422974]
[-1.000000,-1.000000]
[349.349091,417.143829]
[-1.000000,-1.000000]
[322.949127,240.852325]
[-1.000000,-1.000000]
[355.837097,406.151733]
[397.921844,412.627258]
[-1.000000,-1.000000]
[-1.000000,-1.000000]
[436.444183,239.267090]
[-1.000000,-1.000000]
[400.353790,212.998444]
[364.965332,201.263199]
[-1.000000,-1.000000]
[-1.000000,-1.000000]
[-1.000000,-1.000000]
[345.452271,265.227905]
[339.702545,295.242188]
[-1.000000,-1.000000]
[457.325531,230.775009]
[-1.000000,-1.000000]
[-1.000000,-1.000000]
[394.636322,434.500977]
[479.498199,53.273026]
[-1.000000,-1.000000]
[410.839386,377.273224]
[306.116028,22.108492]
[511.162537,287.470398]
[387.697540,216.235352]
[320.192444,34.581783]
[-1.000000,-1.000000]
[-1.000000,-1.000000]
[377.210571,147.590836]
[388.086914,296.681610]
[-1.000000,-1.000000]
[478.829346,210.222260]
[411.821106,362.164490]
[444.417725,392.997681]
[452.833466,359.556183]
[385.895874,311.725769]
[305.793610,211.588516]
[353.528625,286.154877]
[413.083313,137.409561]
[455.052948,344.812286]
[404.885132,418.956818]
[431.096527,263.866913]
[453.693451,265.653259]
[-1.000000,-1.000000]
[-1.000000,-1.000000]
[310.048859,293.366394]
[-1.000000,-1.000000]
[307.337219,171.955444]
[-1.000000,-1.000000]
[174.027237,352.087463]
[535.599060,271.161469]
[-1.000000,-1.000000]
[436.453247,239.265274]
[-1.000000,-1.000000]
[305.229706,191.251678]
[-1.000000,-1.000000]
[-1.000000,-1.000000]
[-1.000000,-1.000000]
[480.314728,351.599030]
[-1.000000,-1.000000]
[256.682007,280.577301]
[321.458679,302.028503]
[-1.000000,-1.000000]
[-1.000000,-1.000000]
[166.102448,366.984558]
[-1.000000,-1.000000]
[-1.000000,-1.000000]
[417.014923,202.091614]
[-1.000000,-1.000000]
[263.080078,303.641388]
[-1.000000,-1.000000]
[-1.000000,-1.000000]
[379.183197,133.647964]
[408.281494,319.185638]
[382.038727,293.033386]
[395.756561,297.349426]
[-1.000000,-1.000000]
[478.781311,212.136337]
[-1.000000,-1.000000]
[-1.000000,-1.000000]
[402.062042,198.259201]
[439.605286,357.656067]
[-1.000000,-1.000000]
[329.654297,193.442886]
[375.695251,130.219421]
[-1.000000,-1.000000]
[-1.000000,-1.000000]
[375.921753,162.265823]
[389.281555,172.626709]
[-1.000000,-1.000000]
[-1.000000,-1.000000]
[-1.000000,-1.000000]
[-1.000000,-1.000000]
[244.660278,345.565063]
[-1.000000,-1.000000]
[332.339325,37.003136]
[-1.000000,-1.000000]
[282.934235,172.740540]
[364.786346,191.531113]
[325.733582,219.689407]
[-1.000000,-1.000000]
[-1.000000,-1.000000]
[-1.000000,-1.000000]
[425.393433,290.396698]
[-1.000000,-1.000000]
[310.876770,323.241882]
[-1.000000,-1.000000]
[-1.000000,-1.000000]
[403.736664,414.766724]
[331.241364,226.244110]
[143.178085,349.417725]
[-1.000000,-1.000000]
[408.654266,277.321655]
[375.055206,448.094757]
[381.102081,419.316772]
[460.411041,221.298340]
[-1.000000,-1.000000]
[-1.000000,-1.000000]
[-1.000000,-1.000000]
[-1.000000,-1.000000]
[-1.000000,-1.000000]
[-1.000000,-1.000000]
[-1.000000,-1.000000]
[387.700836,216.227310]
[-1.000000,-1.000000]
[374.328522,273.369720]
[479.504272,53.283768]
[-1.000000,-1.000000]
[-1.000000,-1.000000]
[380.825531,211.796021]
[-1.000000,-1.000000]
[-1.000000,-1.000000]
[-1.000000,-1.000000]
[-1.000000,-1.000000]
[-1.000000,-1.000000]
[391.578949,277.100464]
[-1.000000,-1.000000]
[450.364868,232.760818]
[-1.000000,-1.000000]
[442.722473,409.930206]
[423.928162,194.351776]
[-1.000000,-1.000000]
[320.187592,34.597694]
[-1.000000,-1.000000]
[-1.000000,-1.000000]
[-1.000000,-1.000000]
[261.489990,303.520752]
[-1.000000,-1.000000]
[244.657700,345.555603]
[-1.000000,-1.000000]
[321.714172,236.742310]
[407.510925,355.806335]
[360.238098,398.877777]
[449.686096,260.197113]
[374.333374,273.365875]
[446.459534,258.935974]
[-1.000000,-1.000000]
[-1.000000,-1.000000]
[-1.000000,-1.000000]
[-1.000000,-1.000000]
[-1.000000,-1.000000]
[472.081360,216.091415]
[-1.000000,-1.000000]
[-1.000000,-1.000000]
[-1.000000,-1.000000]
[366.851013,190.840393]
[-1.000000,-1.000000]
[-1.000000,-1.000000]
[112.093292,411.216003]
[439.648590,357.611389]
[423.982605,205.030716]
[339.450836,311.038391]
[387.696594,216.279221]
[-1.000000,-1.000000]
[631.040771,361.547333]
[371.644226,168.943802]
[353.789429,365.826752]
[-1.000000,-1.000000]
[159.927628,366.932861]
[397.806915,428.679962]
[312.129822,339.478424]
[-1.000000,-1.000000]
[-1.000000,-1.000000]
[307.373627,157.640457]
[362.252594,187.122955]
[-1.000000,-1.000000]
[283.644928,180.381729]
[-1.000000,-1.000000]
[-1.000000,-1.000000]
[243.531235,278.030823]
[-1.000000,-1.000000]
[-1.000000,-1.000000]
[608.611572,303.129578]
[572.067627,185.001892]
