[786.599792,22.220039]
[71.429031,500.369446]
[786.804321,499.736664]
[417.846558,176.579193]
[271.339386,420.640686]
[772.611450,499.849304]
[235.598572,413.658417]
[430.956207,291.484863]
[441.743683,167.795303]
[207.275787,311.146301]
[443.596008,194.645462]
[302.089478,409.601929]
[542.087219,406.034973]
[517.719604,415.512054]
[380.166718,262.217621]
[302.091614,409.596985]
[445.559174,171.092026]
[455.379852,207.795441]
[513.264404,500.333862]
[241.181931,402.054779]
[570.579407,430.493744]
[302.093475,409.599915]
[271.337585,420.634949]
[503.222595,400.748596]
[211.422012,334.407684]
[517.648315,415.460510]
[457.156097,188.737305]
[542.124878,406.046875]
[322.256653,391.962891]
[380.167480,262.217255]
[571.206787,430.353424]
[562.325745,380.268829]
[331.344208,359.299591]
[323.857330,375.312683]
[417.796448,176.595520]
[287.063904,412.140747]
[271.340881,420.638000]
[219.606750,309.767212]
[350.373383,411.157867]
[570.573730,430.492584]
[503.244446,400.765533]
[235.498581,413.491516]
[535.213013,422.706207]
[304.957489,351.911926]
[604.777710,411.084015]
[570.573975,430.492981]
[263.726685,408.427094]
[283.524994,401.036713]
[535.749207,422.739899]
[322.246338,391.976074]
[271.341797,420.637695]
[542.083008,406.035217]
[380.170563,262.216370]
[287.087860,409.153015]
[329.000793,411.643921]
[327.128326,455.208679]
[323.933319,418.479401]
[411.414032,500.236481]
[239.667938,384.485016]
[380.411743,261.880402]
[257.141022,403.709961]
[376.948761,226.785263]
[583.393311,422.255493]
[541.971313,405.983948]
[347.422180,420.353058]
[327.218842,500.236298]
[449.323578,196.636612]
[444.300751,238.651276]
[600.113647,366.671509]
[308.710846,326.024963]
[573.234802,403.243530]
[618.214233,364.115753]
[322.245697,391.976624]
[573.129028,415.637848]
[604.643250,379.079437]
[229.537201,370.662811]
[430.958496,291.483643]
[368.436584,387.484131]
[444.214600,238.832382]
[269.989929,384.817841]
[323.804138,375.285126]
[211.422836,334.410858]
[443.663055,209.062210]
[589.345886,415.365448]
[413.211975,306.648865]
[551.410400,396.868896]
[323.799194,375.283844]
[322.247742,391.974884]
[333.726105,358.073883]
[413.326630,500.235962]
[526.362427,400.279541]
[234.370117,321.430328]
[430.969421,291.490387]
[443.231964,227.450623]
[589.298828,415.348267]
[382.443054,500.251678]
[397.930603,300.256012]
[486.103607,443.273590]
[234.367386,321.417816]
[634.967651,391.615601]
[591.074097,399.597260]
[223.288727,319.524445]
[442.824890,259.722046]
[235.501205,413.493408]
[351.866882,430.040405]
[334.226257,357.681213]
[600.126892,366.670685]
[502.351593,426.604248]
[494.130859,392.259521]
[580.055298,379.327362]
[510.543793,405.431396]
[234.368469,321.423096]
[311.550751,302.095337]
[457.126495,188.687469]
[430.980652,291.500549]
[259.337250,360.704987]
[441.740906,167.793640]
[598.048035,392.028503]
[350.382111,411.227234]
[382.476501,500.250610]
[442.797150,259.690063]
[620.296387,347.306122]
[457.087036,228.397980]
[508.706848,385.637787]
[429.625977,242.536987]
[401.389587,382.195984]
[319.506409,355.203217]
[259.920105,358.558655]
[772.855835,22.518063]
[542.115417,406.034210]
[304.413147,352.334320]
[71.560135,22.579109]
[446.949097,172.446365]
[477.510162,368.049957]
[477.003601,445.838623]
[429.426239,198.660538]
[505.077789,371.839355]
[504.989807,371.991394]
[432.550751,438.730713]
[259.920227,358.558289]
[526.412048,373.064972]
[524.599731,325.346527]
[376.647339,293.182617]
[487.697540,389.617188]
[492.256073,358.483978]
[314.910858,315.933807]
[586.286377,388.249847]
[398.530273,287.252197]
[505.754578,400.741089]
[481.771790,412.844543]
[269.843994,384.638611]
[455.382050,207.805923]
[597.818726,392.058472]
[226.131927,286.321686]
[284.531189,417.782013]
[383.616669,500.253571]
[411.840027,429.799896]
[487.399078,379.858490]
[546.047058,373.910004]
[487.550568,450.387756]
[271.337585,420.634949]
[303.998505,367.844299]
[559.569092,403.813843]
[446.933136,197.760117]
[437.196960,271.298950]
[442.788757,259.683746]
[221.827148,384.183533]
[331.444458,292.858215]
[281.086151,397.972870]
[250.949448,387.837646]
[411.416168,500.240997]
[355.504181,395.179901]
[402.252930,384.565826]
[411.459564,356.259186]
[296.479248,313.823395]
[422.668152,209.407623]
[409.787781,319.155518]
[398.515289,287.236938]
[401.426208,252.609482]
[263.772766,392.595093]
[346.337280,353.543182]
[505.083099,371.177734]
[413.313660,306.757233]
[392.093658,500.264526]
[380.406128,261.885223]
[332.364044,292.497589]
[434.825928,310.758453]
[434.043182,188.494202]
[285.741455,367.030609]
[427.422821,198.695328]
[505.468628,386.426971]
[289.092651,352.649292]
[545.942810,387.402802]
[652.576477,344.476471]
[289.590698,387.014069]
[354.639648,284.650360]
[463.935791,386.360992]
[411.447479,500.242401]
[237.276932,340.368958]
[487.660736,390.051422]
[278.339874,371.307343]
[413.266876,306.675812]
[614.206482,382.250610]
[413.329559,500.235016]
[397.668457,500.241028]
[434.556854,229.691132]
[233.602081,275.136414]
[366.906952,208.107422]
[407.949524,434.484406]
[261.232117,370.453064]
[289.596588,386.943054]
[505.364777,304.598419]
[563.459839,382.313843]
[207.287567,311.137756]
[411.459564,356.259186]
[504.398468,371.796478]
[516.373779,376.314026]
[426.675293,209.554108]
[388.605896,407.525024]
[449.939362,500.302063]
[390.200684,440.254700]
[263.480408,355.542694]
[428.581970,496.999146]
[409.155548,205.177963]
[571.208191,430.352417]
[654.719299,366.038239]
[655.958618,367.505585]
[407.319183,396.665680]
[571.201416,430.356079]
[233.599030,275.140747]
[493.400177,359.023956]
[505.002563,371.967651]
[352.438873,437.625671]
[444.211151,238.839737]
[786.804077,499.735626]
[490.339325,434.424591]
[406.747772,469.363800]
[443.595551,194.649612]
[264.678955,354.096283]
[447.507904,500.286682]
[233.595078,275.145111]
[388.651489,440.243958]
[333.725800,358.074524]
[259.505280,382.708893]
[449.231995,500.302551]
[306.410767,385.538635]
[335.222382,291.509521]
[405.785248,469.187531]
[264.586182,354.270416]
[491.068634,425.659668]
[259.914124,358.558960]
[481.762024,413.042664]
[465.728485,282.062256]
[505.770081,368.892090]
[655.602783,363.280426]
[617.913330,388.883911]
[412.132355,395.155365]
[451.770172,500.303009]
[253.591843,389.465668]
[233.545883,275.209106]
[333.772552,357.989807]
[248.553040,316.460876]
[464.371185,386.464142]
[503.223419,400.749817]
[429.778748,307.930695]
[604.537598,393.315125]
[446.962830,450.351379]
[444.218292,238.824524]
[304.600891,352.254608]
[465.743927,282.055786]
[451.920349,500.301575]
[465.730896,282.062073]
[654.913208,364.126282]
[597.370850,391.888275]
[309.488892,325.749023]
[451.907440,500.308044]
[201.188385,298.491119]
[464.142334,386.386108]
[652.576355,344.473145]
[490.393738,292.994690]
[405.633514,419.086823]
[437.094635,500.244843]
[308.711060,326.026733]
[666.170410,353.944275]
[407.075104,343.763275]
[432.973358,305.894379]
[430.980988,291.502533]
[304.876862,352.228607]
[415.928558,210.343887]
[536.256775,338.977356]
[304.954163,351.900757]
[325.310150,316.032867]
[506.297363,337.755859]
[410.835938,318.540314]
[376.634155,372.716309]
[620.295776,347.305481]
[514.279419,353.515747]
[389.779327,309.093018]
[363.678741,500.022369]
[294.434113,371.539490]
[517.097351,311.480530]
[394.629608,275.421112]
[481.104797,388.608765]
[542.101135,406.035797]
[652.591370,344.317749]
[427.401917,198.694138]
[410.844696,318.532532]
[443.594879,194.650742]
[542.122681,406.049683]
[355.277283,358.706482]
[434.530762,460.400208]
[289.577057,386.958008]
[259.734375,379.928558]
[429.598236,432.665344]
[443.301971,425.204651]
[514.612488,369.372559]
[524.090942,368.745178]
[402.576172,162.045502]
[466.059174,282.091400]
[289.723114,386.815521]
[430.980316,291.501190]
[381.990631,441.347076]
[362.148285,500.061646]
[537.851013,371.566467]
[465.746368,282.054779]
[507.202393,337.921600]
[304.479675,352.336884]
[652.594299,344.322723]
[442.133881,389.379913]
[429.410339,242.929596]
[201.184219,298.492523]
[289.702667,386.800415]
[255.157455,398.422028]
[434.698944,355.846649]
[580.662476,377.210815]
[487.613617,390.109558]
[550.318176,398.937103]
[553.592712,391.934052]
[515.287170,341.620941]
[562.773865,382.997406]
[201.188675,298.491241]
[516.417725,364.856598]
[583.393555,422.255554]
[299.927460,378.139618]
[493.623840,420.840027]
[466.357758,282.142944]
[487.707092,389.687195]
[362.141449,500.042175]
[503.679626,299.744019]
[298.730896,371.011169]
[326.413208,317.090118]
[574.557434,420.698456]
[423.379578,430.849396]
[402.575897,162.058411]
[444.196381,209.687912]
[483.134125,436.631409]
[410.877533,318.527588]
[502.342285,426.595825]
[505.768799,368.847076]
[398.520721,287.238098]
[429.598480,428.568207]
[363.674866,500.100891]
[259.914124,358.558960]
[399.824860,303.258575]
[448.513367,372.982819]
[358.242371,360.053040]
[563.752075,410.529388]
[457.837067,330.283478]
[244.987564,297.742767]
[413.272980,306.832458]
[443.264801,424.633026]
[407.310822,396.664825]
[652.591919,344.321442]
[537.575562,380.780090]
[391.508881,463.056732]
[654.694946,364.526581]
[492.282806,296.354950]
[429.007629,198.789246]
[542.125671,406.050476]
[427.411316,198.694687]
[222.115158,286.688538]
[481.760681,413.038666]
[269.846436,384.637787]
[442.140625,389.385620]
[536.845276,339.275970]
[296.474945,313.829102]
[410.226471,452.643066]
[457.099976,228.405807]
[377.427094,294.048187]
[610.520691,384.628571]
[620.291870,347.305756]
[357.464386,398.157562]
[250.780136,364.645813]
[389.310791,440.229279]
[407.978699,434.353394]
[278.312988,340.807617]
[455.381226,207.802673]
[469.549805,497.028198]
[411.478363,356.268372]
[411.208710,318.365021]
[479.605927,289.290619]
[487.720642,454.528107]
[516.501099,339.152008]
[517.173279,333.521851]
[448.485870,372.986328]
[480.521088,292.385529]
[514.352661,350.557159]
[507.201385,337.934296]
[505.040253,371.902649]
[458.455414,330.125183]
[654.685242,364.591217]
[508.231201,302.586700]
[523.974670,372.116730]
[520.535889,315.291321]
[337.214355,356.059448]
[540.973389,386.639709]
[457.889404,330.268890]
[507.201080,337.939270]
[413.184387,306.802948]
[201.190598,298.495392]
[299.218994,324.159515]
[527.053467,387.315063]
[435.158051,195.662216]
[397.484314,450.166321]
[527.087769,340.027893]
[372.603485,497.002167]
[536.845581,339.282043]
[201.170166,298.483612]
[479.317749,367.664673]
[520.925049,338.821533]
[576.445007,406.980286]
[444.211853,238.837708]
[488.213440,339.545959]
[334.622559,357.386017]
[473.594971,497.021362]
[562.521118,392.720764]
[399.505585,447.106812]
[436.132599,388.113190]
[402.622772,419.096375]
[580.025391,424.103882]
[514.729736,358.977234]
[304.543976,352.304413]
[400.499237,381.621643]
[652.591309,344.314819]
[432.555603,432.804626]
[430.965454,291.488007]
[377.471191,294.004974]
[284.551636,404.175751]
[481.772369,412.847687]
[433.068237,226.374008]
[526.915894,330.523651]
[412.234375,395.062012]
[410.234985,452.653870]
[598.043335,392.028076]
[347.341400,497.026093]
[532.067871,389.900848]
[526.204468,351.067627]
[269.988037,384.813812]
[604.772827,393.333313]
[314.631958,347.150696]
[417.800354,376.226166]
[401.998138,299.326172]
[441.334869,301.949615]
[434.481995,460.380829]
[464.199127,344.996857]
[524.268005,353.479645]
[562.244690,380.435913]
[262.098602,381.482391]
[665.924744,349.737854]
[398.520233,287.242676]
[634.980469,395.864471]
[505.093872,371.162872]
[304.480743,352.341248]
[439.211121,253.798355]
[589.291016,415.346100]
[462.666718,386.194824]
[536.256958,338.974304]
[424.106201,413.673401]
[479.057922,446.259430]
[304.641846,352.215759]
[330.565369,359.249542]
[537.278687,371.285767]
[497.546539,405.370300]
[516.597778,330.660126]
[309.769775,388.564178]
[269.843964,384.638702]
[517.126160,414.940613]
[412.234436,395.062042]
[398.533600,287.257416]
[481.729065,343.829468]
[473.858429,343.729279]
[535.216736,422.701141]
[369.844757,497.002960]
[411.458252,356.256378]
[525.202148,378.045166]
[417.730225,381.110382]
[529.301880,373.638000]
[436.121582,388.114227]
[502.351654,426.604462]
[352.120605,497.021942]
[563.191528,381.885376]
[550.486206,412.008820]
[542.103638,406.045959]
[412.234100,395.053833]
[494.833496,397.083832]
[571.068848,430.420105]
[440.915009,410.787506]
[289.507202,387.076996]
[439.640106,353.045685]
[376.661438,372.703552]
[411.839539,429.839630]
[515.648315,320.218292]
[407.281982,396.660645]
[429.419312,242.917435]
[580.643005,377.224426]
[531.998108,363.455688]
[429.898560,434.060760]
[524.666260,325.442657]
[540.782410,392.451904]
[373.143829,277.329010]
[430.958252,291.483704]
[430.988861,291.545807]
[287.790558,357.299072]
[562.983948,401.748779]
[538.654358,365.120880]
[548.777588,385.459595]
[410.230255,452.646301]
[557.249451,396.709656]
[591.991394,378.856812]
[480.557861,382.266296]
[486.462952,326.737732]
[386.006866,305.915710]
[537.283813,371.287720]
[537.039368,412.684021]
[526.914490,330.523285]
[434.728607,355.600372]
[333.722168,358.080261]
[463.531189,345.785980]
[388.552490,407.525238]
[335.217590,291.510376]
[527.309448,354.493561]
[598.050293,392.029175]
[252.960297,341.376770]
[524.608398,385.727814]
[427.577393,434.122589]
[249.737473,310.601685]
[354.632385,284.652832]
[464.199188,386.395569]
[249.383911,323.646973]
[429.696350,310.891449]
[523.662842,349.156158]
[559.892029,411.422516]
[443.741577,205.673019]
[513.264038,500.332428]
[356.393433,353.913666]
[504.993286,371.984924]
[245.109985,302.089905]
[537.463928,371.375824]
[246.916718,306.481598]
[444.485809,196.151657]
[314.189880,405.092712]
[580.650513,377.217834]
[527.628113,378.424896]
[487.746185,380.475098]
[442.623688,207.082764]
[269.837830,384.643005]
[443.440887,298.007172]
[370.210052,387.476440]
[346.170685,359.585846]
[240.355652,386.808502]
[483.637146,287.836487]
[387.181885,302.988251]
[201.170303,298.483521]
[652.591919,344.314331]
[537.446777,371.367493]
[654.672974,364.613220]
[377.087921,227.941284]
[483.354767,374.688202]
[313.313263,339.913544]
[657.385925,351.673676]
[288.351593,369.172150]
[600.124512,366.669037]
[269.995026,384.825775]
[514.118408,316.724304]
[472.966461,344.161560]
[434.731812,355.611328]
[272.483063,357.583710]
[412.232971,395.189545]
[556.092651,408.827576]
[219.065384,267.622864]
[366.895416,208.101318]
[366.035126,365.776947]
[622.679565,394.688660]
[654.777405,364.198212]
[396.472626,453.044891]
[388.787079,440.329956]
[651.694946,332.478943]
[481.788452,412.956818]
[377.488434,294.018799]
[442.831177,210.182587]
[669.866455,349.667908]
[587.346619,370.282074]
[782.996399,121.790565]
[632.274231,335.979095]
[380.169769,262.215759]
[322.248657,391.974121]
[277.923920,357.131195]
[460.665741,369.232880]
[424.094513,413.664581]
[597.551392,391.975525]
[293.465607,374.676422]
[438.034912,254.854752]
[652.575745,344.483429]
[650.358643,354.504669]
[350.382507,411.222260]
[302.092285,409.598572]
[400.394592,381.505310]
[249.630005,310.312317]
[297.337006,366.405396]
[420.434906,349.061920]
[398.520294,287.237671]
[541.314392,360.047699]
[529.197388,353.932922]
[524.856689,346.766571]
[430.537201,442.651520]
[486.782990,404.960327]
[412.228668,395.055878]
[580.658813,377.214355]
[550.774109,418.423981]
[412.160919,395.245422]
[510.772552,359.520660]
[563.261047,412.307037]
[504.990906,371.989349]
[352.464325,437.632843]
[524.523865,324.939331]
[519.447021,344.306335]
[498.775879,500.117218]
[322.247070,391.975586]
[434.554291,460.410767]
[430.979034,291.507080]
[280.464569,390.470764]
[436.121582,388.114227]
[392.058868,363.035187]
[520.692139,315.283264]
[563.028809,381.112854]
[472.247681,344.186035]
[602.022034,392.727783]
[654.686096,364.235443]
[411.169922,318.391571]
[269.990967,384.818939]
[316.069275,356.646759]
[316.665527,319.744446]
[470.562195,343.836609]
[530.153076,368.466278]
[304.955353,351.904053]
[498.494781,385.445160]
[600.119080,366.669098]
[654.928589,364.118591]
[536.261414,338.975739]
[441.821503,167.840149]
[505.694061,400.718109]
[655.010254,364.068939]
[269.305756,382.862366]
[488.213837,339.551422]
[634.967834,391.615356]
[564.109253,417.622162]
[535.213623,422.705566]
[434.798553,195.587051]
[412.568359,406.127808]
[302.094482,409.600220]
[446.168945,210.001602]
[612.312744,386.342377]
[303.848877,342.607666]
[309.361908,373.199493]
[562.277527,380.656342]
[411.461151,356.272369]
[434.724579,355.591309]
[536.259521,338.975037]
[542.127136,406.044861]
[435.642029,342.059113]
[469.686462,342.985321]
[615.717712,368.428955]
[379.055756,442.423187]
[275.480743,360.076172]
[620.008179,385.861725]
[278.314484,340.797699]
[669.442444,338.021973]
[322.244446,391.977905]
[315.823853,402.370300]
[278.682159,367.066101]
[527.844604,417.111389]
[476.075897,360.927979]
[492.971771,358.657867]
[273.171814,374.795990]
[207.296127,311.139771]
[441.751709,437.945618]
[201.190582,298.496002]
[567.826904,404.478180]
[417.598480,467.006927]
[604.741394,411.107056]
[600.127380,366.671265]
[444.308502,238.661636]
[289.576691,386.964783]
[259.920593,358.560272]
[589.347656,415.365906]
[444.214813,238.832291]
[594.247681,372.539459]
[528.875427,388.107574]
[300.223419,338.356079]
[331.337921,359.302734]
[294.015594,341.300110]
[389.015808,363.084686]
[507.198090,337.933685]
[306.506104,364.332123]
[264.513428,400.143188]
[402.576538,162.044693]
[288.473419,360.037231]
[427.926971,303.829193]
[595.338806,375.934326]
[433.478638,459.431183]
[527.450073,366.672241]
[476.709137,402.783142]
[424.656342,311.819885]
[368.452484,387.463928]
[488.078339,380.726410]
[485.717407,429.978973]
[495.276917,293.897552]
[444.308380,238.661362]
[282.668152,393.234406]
[258.736877,388.096283]
[462.290802,400.815643]
[458.018097,401.264130]
[398.520782,287.230743]
[488.019012,427.937531]
[376.661987,372.797180]
[484.410248,423.956543]
[283.652252,390.317078]
[377.463379,294.004272]
[435.157623,195.674423]
[515.946533,327.760712]
[269.844391,384.639038]
[446.507996,227.431885]
[411.974365,429.469421]
[563.893311,414.540833]
[376.654114,293.181885]
[462.522797,431.527222]
[235.499878,330.855713]
[394.426575,317.806824]
[484.680481,454.456390]
[405.780914,469.191742]
[229.766617,299.548615]
[562.350403,380.231415]
[307.937561,376.204895]
[259.915588,358.560089]
[437.536469,223.996368]
[620.296509,347.305756]
[555.475525,412.009705]
[547.397888,396.415192]
[572.643433,403.070374]
[535.207886,422.705811]
[578.445984,388.812195]
[536.035095,386.164429]
[463.555237,373.333099]
[429.798279,198.414688]
[307.928375,391.135498]
[334.314117,357.624512]
[595.609436,393.708832]
[434.724213,355.643066]
[457.091949,228.401108]
[519.022339,368.992523]
[424.108154,413.676239]
[449.523468,274.053558]
[528.256348,404.209808]
[407.935028,434.553375]
[568.187866,396.682068]
[466.020233,429.902496]
[304.954651,351.902924]
[422.856567,360.772156]
[507.204346,337.913849]
[393.987183,486.050323]
[405.776917,468.977753]
[502.358276,426.608490]
[534.183472,395.522705]
[468.735718,343.049835]
[268.543030,372.335724]
[528.950806,364.567047]
[323.812469,375.293854]
[451.036682,280.271271]
[429.407745,242.934311]
[289.685974,386.803741]
[472.083069,399.225708]
[263.614075,396.983337]
[610.465149,378.133667]
[266.024841,396.785858]
[600.395142,383.544952]
[524.598022,325.344482]
[304.191467,373.771149]
[399.561584,483.023743]
[667.667664,356.184845]
[398.520660,287.237732]
[350.381470,411.227325]
[439.741638,201.076462]
[500.649170,300.857544]
[545.163757,392.156403]
[355.046814,490.017761]
[527.766968,331.309601]
[439.447876,192.175446]
[379.102112,360.779877]
[568.130249,419.030884]
[560.331299,382.204803]
[461.004211,345.931213]
[302.826874,378.546509]
[480.548096,360.197815]
[554.590942,415.690582]
[283.056091,402.853973]
[470.626404,343.867157]
[438.570099,198.087570]
[560.158752,422.637817]
[528.560608,409.119385]
[520.232971,386.093567]
[459.136383,411.485809]
[411.458252,356.256378]
[445.208527,270.777618]
[436.129456,388.121033]
[444.218048,238.824402]
[519.749084,380.153870]
[201.194443,298.498383]
[622.212158,392.056152]
[459.200073,397.986237]
[368.427826,387.509521]
[423.961273,361.042419]
[406.759644,469.359497]
[598.002747,392.027924]
[410.710297,318.635864]
[563.110779,380.972290]
[259.096802,396.446686]
[381.389252,377.871033]
[521.041748,375.172211]
[481.815216,413.240540]
[492.260223,358.487823]
[211.421204,334.408661]
[274.390747,371.284698]
[496.209747,407.952606]
[302.093628,409.598358]
[289.706024,386.804596]
[464.135345,386.406799]
[433.245819,389.415771]
[331.350189,359.296478]
[327.579468,294.158630]
[600.117493,366.670471]
[413.104279,306.684296]
[443.302216,425.204376]
[234.104538,274.989594]
[207.189697,326.504791]
[245.193268,299.172913]
[350.374298,411.161804]
[351.335602,356.757538]
[309.564911,379.459473]
[488.341339,295.546722]
[504.993835,371.985748]
[453.772888,348.007416]
[597.517090,391.935425]
[462.076141,479.861145]
[576.700806,407.144043]
[376.901917,227.630783]
[377.489258,294.019196]
[271.341095,420.637390]
[407.950470,434.488373]
[409.151550,483.427460]
[254.906219,381.726990]
[437.920044,277.473572]
[410.100311,319.056488]
[478.395966,367.761414]
[360.400177,353.171326]
[551.573425,421.789459]
[434.722809,355.604584]
[331.344452,359.299225]
[383.979706,368.012573]
[496.403656,397.621918]
[207.874130,282.980255]
[442.243103,389.350952]
[304.949768,351.962402]
[391.073242,302.158264]
[469.171509,369.048248]
[466.460693,369.031219]
[530.523010,356.265808]
[342.001648,355.313416]
[410.234680,452.653320]
[304.956879,351.902283]
[256.413452,388.177826]
[498.740387,500.084595]
[255.857864,368.212128]
[378.187073,442.462799]
[528.429749,350.091034]
[311.560730,302.092255]
[525.236450,357.916321]
[654.635864,364.327728]
[443.779602,199.144257]
[422.574738,360.467590]
[381.239502,377.827942]
[405.787018,469.184723]
[492.984802,358.629974]
[434.900726,460.427246]
[517.495544,415.340759]
[610.614014,380.607208]
[465.473633,364.758698]
[234.369247,321.426880]
[424.526337,360.046783]
[490.305237,367.216492]
[311.548431,302.096161]
[438.375275,194.117691]
[572.650635,403.072205]
[260.324707,399.993103]
[275.537994,353.881378]
[619.081360,377.167694]
[461.446350,415.879761]
[389.298370,362.336517]
[311.558746,302.093414]
[221.489044,319.907349]
[280.835663,378.779663]
[454.075195,279.316010]
[413.327087,500.237946]
[301.408813,373.271576]
[634.955200,395.879333]
[433.597656,318.091583]
[407.241028,396.563843]
[445.351410,275.399048]
[256.586182,395.216370]
[556.336792,418.421844]
[368.436676,387.481964]
[590.622070,405.794189]
[360.143402,364.040009]
[230.783478,303.694427]
[666.485291,337.234467]
[288.216187,328.576385]
[537.808105,390.447723]
[357.781738,483.413483]
[566.384399,415.964691]
[427.366486,349.449371]
[269.852844,384.636566]
[486.156677,497.010010]
[442.602051,292.920624]
[343.798798,497.022766]
[366.910309,208.109604]
[347.438049,420.300293]
[491.171387,430.583099]
[450.738739,347.996216]
[411.976868,429.821716]
[413.306793,306.755035]
[237.030304,394.914307]
[618.139465,359.337830]
[415.017609,330.707733]
[483.654785,377.653748]
[354.642548,284.649872]
[392.535095,472.073914]
[434.884430,460.456390]
[455.384186,207.813110]
[356.492035,349.985168]
[478.218323,332.055267]
[424.583679,360.011932]
[598.030823,392.102203]
[457.972015,408.384705]
[334.360504,357.574249]
[402.255341,384.580902]
[429.413116,242.927094]
[457.637360,365.824036]
[368.440277,387.484985]
[404.969788,356.548584]
[441.895447,211.861542]
[401.584869,252.639435]
[505.845428,368.530762]
[305.399567,337.505066]
[667.689453,356.174316]
[354.631409,284.653687]
[444.643585,214.954117]
[248.553619,316.458313]
[373.179260,388.908203]
[392.618225,340.095490]
[396.506561,457.998260]
[370.692444,340.408600]
[665.718323,341.059082]
[308.391937,337.598236]
[365.428284,350.092590]
[381.216339,354.895691]
[274.158844,350.434174]
[387.953461,277.778839]
[394.890137,404.517944]
[503.223480,400.750366]
[468.081177,416.238892]
[535.749146,422.739563]
[350.374298,411.162628]
[376.473328,372.003571]
[488.202148,339.408356]
[492.353577,459.257751]
[487.339874,400.591827]
[443.163422,200.405212]
[296.192352,314.356445]
[328.924225,318.302002]
[393.703308,309.126343]
[283.175262,373.069550]
