[201.236069,142.975006]
[208.433868,115.565880]
[181.764420,169.496613]
[162.953522,175.673859]
[245.303604,132.925934]
[256.401550,165.596268]
[207.237457,160.793579]
[140.854111,140.694061]
[208.651001,157.682724]
[204.285324,169.192093]
[199.606720,147.012772]
[205.455322,167.792130]
[208.756714,115.063255]
[180.207764,174.469650]
[204.749756,169.003983]
[171.848328,156.813339]
[231.275391,202.266739]
[212.555893,138.330017]
[204.346069,168.800781]
[245.284058,132.810623]
[186.875397,170.432053]
[162.786377,175.441406]
[217.081589,110.279472]
[171.903320,156.797318]
[244.218994,148.482834]
[148.764664,185.094894]
[255.057022,170.753784]
[234.957169,185.888412]
[169.415665,158.578476]
[216.805344,114.850403]
[210.914902,154.284531]
[196.762360,194.082642]
[179.577316,178.659500]
[160.565659,161.248199]
[240.485809,147.851288]
[208.764023,115.013794]
[256.166412,158.752487]
[163.562119,178.777161]
[234.961212,185.888397]
[245.307907,132.819458]
[228.555084,209.120590]
[178.711456,182.811554]
[221.343170,214.154770]
[171.840607,156.829361]
[235.752121,163.801285]
[156.085434,134.797089]
[169.266602,188.022690]
[134.471909,170.918884]
[161.930695,172.065338]
[209.265472,115.899590]
[235.242172,186.203049]
[118.941856,177.457840]
[239.814529,149.312592]
[171.844910,156.819183]
[267.810120,144.675842]
[187.773743,209.722153]
[241.111313,148.397507]
[160.046036,156.238449]
[240.133835,147.892639]
[195.249191,153.905060]
[162.911789,175.493393]
[197.861542,194.249420]
[242.467224,163.356262]
[161.549026,172.224182]
[194.061050,131.223938]
[162.060898,173.702393]
[234.996658,185.891800]
[233.307190,205.286789]
[139.585876,176.143753]
[223.481918,168.162643]
[211.268463,150.409256]
[178.349670,187.274475]
[218.223679,215.979156]
[193.414383,131.479218]
[190.250946,192.306763]
[99.760880,179.732391]
[171.902725,156.800751]
[213.647354,120.482491]
[212.917404,123.477493]
[121.526215,153.758224]
[255.885605,163.835052]
[220.127274,215.171158]
[255.232132,168.221115]
[206.843979,207.459564]
[192.089813,132.313354]
[118.131058,209.892410]
[124.234512,159.757004]
[97.988914,178.640656]
[113.526176,188.539291]
[112.763725,191.539429]
[168.849945,190.823044]
[222.489731,198.079361]
[255.273102,169.564896]
[190.262268,192.328781]
[233.000305,162.922516]
[193.412964,131.479187]
[232.792145,159.457794]
[213.903000,98.772186]
[232.437393,206.189270]
[227.614792,210.202499]
[206.150696,217.073547]
[235.124146,186.144958]
[214.399170,138.251266]
[130.269211,155.136673]
[104.176880,191.321854]
[193.314667,214.379791]
[171.901367,156.782166]
[121.562805,153.555115]
[168.439423,209.102036]
[242.161499,147.716797]
[233.589371,205.865005]
[152.425018,146.347061]
[257.221680,156.055237]
[193.169724,162.207672]
[205.405304,168.135788]
[140.860229,140.689453]
[198.097183,151.039444]
[148.950699,145.413895]
[215.326614,138.178833]
[245.285767,132.920807]
[245.291641,132.947098]
[123.884209,152.534149]
[235.133530,186.148224]
[113.304344,217.287140]
[254.252502,152.964264]
[187.211502,170.316711]
[204.862244,168.878693]
[187.999329,208.719269]
[233.679169,205.190369]
[187.937073,208.842728]
[222.430115,213.633591]
[230.776108,163.331940]
[209.228714,216.954254]
[139.105927,141.504364]
[97.970879,178.642822]
[219.105301,201.316391]
[139.504333,155.336685]
[238.014160,196.946259]
[204.775192,168.481430]
[150.326172,228.625534]
[220.709213,121.382774]
[110.872391,195.442093]
[204.873444,135.770264]
[207.259735,160.343826]
[134.741211,230.193878]
[139.083618,141.499115]
[231.124634,164.137421]
[156.083832,134.784058]
[246.261871,178.800766]
[118.806190,211.708374]
[235.000168,185.893127]
[231.586823,207.474365]
[139.346756,153.727921]
[234.883255,185.918732]
[231.744720,156.076660]
[171.913147,156.763809]
[104.090004,199.456573]
[163.906342,191.999725]
[193.410736,131.483032]
[156.084885,134.786377]
[115.325653,234.325485]
[246.317871,179.078552]
[169.871582,158.594330]
[124.923157,234.099625]
[162.875580,182.760925]
[140.662506,185.677704]
[152.825211,159.928909]
[91.197495,207.345505]
[171.846497,156.819336]
[209.221024,216.933945]
[215.311340,138.171997]
[214.670502,138.217194]
[147.152145,157.772598]
[113.471886,228.692261]
[225.207794,196.952240]
[135.321777,166.836304]
[216.332550,192.433655]
[149.654053,207.578827]
[212.460953,138.363708]
[150.329483,228.624207]
[215.317108,138.184555]
[192.989716,131.566315]
[113.267982,217.654877]
[139.105606,141.503036]
[252.489990,152.407959]
[213.565475,216.852936]
[117.419899,153.182343]
[150.327820,228.624603]
[163.108978,176.258987]
[115.710129,176.871475]
[207.958221,208.533157]
[204.518295,169.547241]
[118.983986,177.445816]
[242.170883,147.710800]
[116.292664,153.130127]
[97.967224,178.640961]
[236.337784,232.785400]
[95.459549,220.322525]
[100.530556,177.732193]
[97.031715,206.712036]
[209.582184,115.010971]
[140.846619,140.688110]
[108.827858,221.102615]
[149.612656,186.236832]
[192.745209,131.732300]
[194.728607,158.073883]
[243.612579,199.689514]
[150.342331,228.593155]
[99.562904,197.221954]
[171.837967,156.820251]
[97.942856,178.584366]
[215.322968,138.176178]
[220.295990,121.343483]
[214.006134,138.288895]
[234.972092,185.888687]
[258.611023,135.626373]
[234.628326,200.192123]
[190.272079,192.340378]
[82.343048,233.311386]
[219.209259,188.512161]
[190.282623,192.343460]
[115.213303,161.769028]
[102.711861,177.844376]
[183.581558,146.280869]
[108.727196,155.105820]
[105.360054,208.588440]
[110.058853,153.117157]
[118.549187,210.870956]
[156.084991,134.786774]
[127.865158,193.642014]
[156.085236,134.795456]
[187.716125,210.596832]
[190.253372,192.306366]
[234.995804,185.892136]
[109.381683,199.370331]
[215.687439,224.505768]
[101.011841,196.358047]
[101.302925,195.369934]
[251.897751,211.724030]
[230.822098,158.300934]
[235.133163,186.367783]
[236.324524,232.747467]
[118.996101,177.439590]
[118.970993,177.431061]
[115.670204,177.574387]
[163.486298,179.449707]
[102.535011,169.521301]
[215.328522,138.178833]
[111.626221,152.346756]
[241.587616,201.160080]
[256.226593,166.758179]
[156.069656,134.786713]
[127.835342,193.674133]
[235.494080,160.399261]
[234.190262,205.158997]
[91.138039,207.325394]
[193.413422,131.479294]
[130.378006,202.422577]
[153.352951,164.059189]
[171.901016,156.790588]
[196.187119,181.440247]
[160.739990,170.101303]
[268.329712,142.779938]
[119.506165,177.456665]
[94.203178,228.374496]
[250.337204,143.916946]
[194.054977,131.231873]
[118.642448,154.655960]
[123.739708,233.928116]
[116.496857,234.257797]
[213.573364,177.093735]
[139.050873,141.552460]
[155.514008,194.057495]
[190.280136,192.331207]
[91.161118,208.914673]
[205.115326,215.377563]
[188.652451,170.546356]
[232.116394,174.828979]
[82.033134,233.977921]
[255.498642,169.318192]
[247.115540,188.629883]
[268.020538,142.850281]
[187.842316,208.943512]
[171.901138,156.799423]
[237.821030,206.207123]
[139.101196,141.502930]
[251.900818,211.723343]
[187.796051,209.802017]
[97.918213,178.637848]
[115.238022,234.331451]
[248.303970,193.160751]
[118.996841,177.439774]
[133.623077,222.286331]
[119.508904,177.456909]
[91.163223,208.924942]
[245.313522,132.804962]
[236.338867,232.785294]
[218.130280,216.067688]
[172.235062,216.264557]
[115.241425,234.331345]
[215.711960,224.520279]
[150.282852,186.480606]
[204.970795,182.279129]
[95.030151,214.395279]
[236.253403,232.806137]
[185.791290,158.129608]
[136.550980,205.515564]
[117.960785,152.784744]
[118.692780,152.886185]
[120.747520,135.380798]
[236.783386,118.006157]
[130.983856,192.400436]
[204.063980,169.185776]
[98.715637,163.080215]
[246.444122,196.207230]
[106.238762,189.064804]
[226.683365,128.658386]
[91.152458,208.834488]
[178.744568,142.587646]
[149.610123,186.744110]
[230.464294,114.250412]
[159.470642,150.877640]
[187.454193,208.456024]
[118.543900,210.862854]
[113.063683,220.865707]
[113.062195,220.514389]
[103.454559,194.331329]
[193.257721,131.485825]
[91.173683,208.890976]
[215.568680,223.441711]
[214.977814,202.411606]
[186.477188,205.669739]
[98.742752,189.140228]
[176.432419,208.453781]
[185.003571,149.129486]
[245.230362,132.836380]
[232.286606,231.314438]
[220.394852,121.362946]
[213.411545,69.452339]
[247.329117,193.841873]
[228.897034,132.466629]
[127.864716,193.625198]
[162.542938,172.184692]
[215.691849,224.578598]
[118.971230,177.430786]
[251.331787,212.753326]
[127.864563,193.628403]
[132.650818,205.191345]
[157.756546,114.437576]
[270.408142,160.123184]
[254.962006,184.928192]
[228.472610,125.541794]
[222.613129,156.482651]
[232.300064,231.312622]
[82.037071,233.977402]
[110.951225,152.660095]
[232.307159,231.314224]
[164.217499,236.168518]
[145.797745,190.756409]
[82.038406,233.978378]
[128.842941,193.216766]
[206.448410,217.263016]
[235.007675,185.883408]
[150.343582,228.628418]
[141.824890,191.836700]
[82.035881,233.977951]
[111.543716,167.396561]
[255.874710,165.435623]
[190.279160,192.347565]
[268.062805,165.656998]
[232.318542,231.324753]
[189.373566,224.556168]
[150.183365,155.804092]
[234.603073,120.811531]
[120.787910,198.357758]
[140.703629,140.694458]
[118.972038,177.431976]
[157.833496,114.377457]
[127.856728,193.636444]
[170.702515,234.407455]
[232.283020,231.331482]
[117.090385,233.964066]
[152.852356,150.621246]
[118.557327,210.894791]
[149.980637,187.808960]
[162.567337,172.180649]
[100.834328,196.549545]
[190.279663,192.348083]
[141.632980,206.043716]
[161.707458,171.793945]
[226.422516,221.978577]
[171.937256,156.745270]
[100.340561,231.378067]
[123.918808,152.597778]
[224.458099,68.194839]
[232.343994,231.316925]
[193.412460,131.478821]
[118.540276,210.863541]
[164.533081,110.214684]
[128.959045,193.646957]
[108.852905,140.617477]
[171.904266,156.798645]
[117.933418,208.968307]
[129.318695,222.285919]
[190.282608,192.343948]
[208.523941,191.696808]
[262.518005,135.770447]
[217.078583,151.412567]
[245.303940,132.923767]
[117.823486,209.272202]
[189.649063,211.507538]
[251.368454,212.725082]
[132.068512,150.367676]
[115.148590,140.669464]
[82.441231,233.311859]
[116.497498,234.265533]
[97.990372,178.642395]
[133.313354,200.211914]
[157.769470,201.176392]
[228.683197,220.341797]
[235.936447,214.464508]
[200.979614,231.289413]
[174.001617,219.407120]
[265.083191,159.304794]
[251.357742,212.733170]
[217.672882,174.781418]
[131.321960,215.827820]
[256.578430,145.922180]
[150.326172,228.625534]
[127.862900,193.627609]
[128.793884,129.481445]
[255.634445,168.432220]
[157.881638,114.327858]
[245.288879,132.796570]
[97.660423,179.600906]
[117.948456,208.954285]
[234.932602,185.889954]
[226.614548,136.802551]
[118.116379,209.879822]
[190.270554,192.340378]
[150.350739,228.611252]
[256.890869,182.566727]
[88.350075,186.265244]
[171.903275,156.799042]
[150.316177,228.610489]
[233.676178,205.421570]
[173.667786,233.678970]
[153.929184,66.052902]
[147.238297,196.748581]
[192.948730,192.848618]
[150.343460,228.627365]
[251.363937,212.733246]
[133.078964,174.392960]
[244.319946,148.532120]
[271.697571,154.672684]
[135.094452,235.187195]
[153.774933,65.997841]
[200.626541,64.521622]
[194.698837,232.366028]
[178.009491,224.063446]
[96.456940,167.566940]
[242.955490,221.107132]
[190.452606,180.329071]
[190.123596,192.327499]
[188.455093,231.152832]
[133.604767,182.473648]
[130.270844,164.920639]
[241.736450,206.403732]
[186.776520,145.107269]
[161.604645,201.289276]
[224.459747,68.113289]
[205.612854,164.997665]
[193.411194,131.484467]
[161.938263,172.077972]
[119.830887,195.588089]
[251.368927,212.724533]
[221.347809,237.932907]
[91.117477,207.309967]
[246.435883,120.763382]
[153.778229,66.001053]
[186.464584,205.668457]
[221.248093,186.650391]
[255.928360,167.772858]
[201.773514,215.431274]
[123.305344,233.967102]
[210.220657,71.173615]
[256.054901,126.318062]
[125.933395,140.362488]
[259.684998,182.727905]
[201.781845,238.219971]
[145.046631,199.838425]
[161.389679,170.385971]
[245.248749,132.816711]
[190.254593,192.377060]
[251.901428,211.722183]
[151.105209,124.298012]
[160.074249,96.783180]
[249.688248,196.400040]
[274.785339,151.022919]
[145.960083,218.463028]
