[198.078827,141.419769]
[206.659882,114.546761]
[177.278122,167.325790]
[158.791885,173.606171]
[242.384735,132.299988]
[250.230820,163.912140]
[202.007034,158.554108]
[140.248169,139.740326]
[203.599167,155.692871]
[198.681839,166.703827]
[196.202042,145.417969]
[199.805862,165.483719]
[206.935242,114.405441]
[175.413345,172.245880]
[199.197983,166.598404]
[168.816071,155.002106]
[220.974884,197.949905]
[209.551361,136.754120]
[198.705750,166.395187]
[242.373306,132.294495]
[181.910156,168.158585]
[158.677704,173.306320]
[215.989105,110.387184]
[168.872803,154.968475]
[239.635727,146.554092]
[144.492661,182.685867]
[248.633316,168.492966]
[226.160995,182.332794]
[166.370346,156.682785]
[215.325867,114.283089]
[206.298630,152.343735]
[188.354584,190.594345]
[174.518311,176.025131]
[157.666534,159.594177]
[235.723068,146.058167]
[206.933731,114.406410]
[250.817856,155.929138]
[159.258102,176.601715]
[226.165771,182.333282]
[242.382874,132.297760]
[217.505951,204.547012]
[173.582352,180.068497]
[210.256454,208.836395]
[168.799728,155.054337]
[229.229660,161.430618]
[154.705597,134.015411]
[164.209244,185.196426]
[132.028458,169.475098]
[157.983841,170.096329]
[207.688812,114.471420]
[226.195190,182.707184]
[116.715385,176.007355]
[234.762634,147.519760]
[168.811890,155.012421]
[263.685181,143.636429]
[175.572327,205.024216]
[236.333679,146.501373]
[157.418320,154.629227]
[235.462753,146.150406]
[191.345825,152.304245]
[158.746857,173.438293]
[189.276443,190.689362]
[235.782028,160.814743]
[157.619308,170.189255]
[191.468353,129.777557]
[158.077881,171.683411]
[226.181702,182.358215]
[222.469757,201.129364]
[136.502487,174.341354]
[217.704834,165.871002]
[206.978302,148.497681]
[172.854706,184.037216]
[206.825851,210.524048]
[190.792831,130.046646]
[181.737503,188.781296]
[97.588188,178.488907]
[168.871475,154.972733]
[211.851471,119.789734]
[210.988937,122.661819]
[120.710281,152.736969]
[250.369278,161.212280]
[208.919327,209.794098]
[249.541992,165.123199]
[195.093231,202.590103]
[189.403412,130.886368]
[113.412827,207.442322]
[122.651207,158.737610]
[95.887650,177.373108]
[110.392845,186.777542]
[109.514687,189.715637]
[163.372406,187.983429]
[212.005386,193.891281]
[248.757843,167.464645]
[181.650253,188.776779]
[226.614090,160.605911]
[190.791016,130.047760]
[226.790283,157.188629]
[214.361450,99.604698]
[221.362381,201.981659]
[216.444672,205.504807]
[194.615906,211.314514]
[226.100510,182.624405]
[211.383087,136.719025]
[128.904358,154.761185]
[101.046700,189.547684]
[182.592377,208.603363]
[168.890076,154.940765]
[120.697983,152.685410]
[154.950760,204.445053]
[237.580017,145.922287]
[222.423553,201.860077]
[150.480972,145.471085]
[251.902374,154.222244]
[188.668335,160.226746]
[199.818649,165.665863]
[140.269775,139.725418]
[194.338898,149.376617]
[147.248047,144.475861]
[212.270493,136.725662]
[242.383347,132.298676]
[242.383209,132.292908]
[122.960121,151.678711]
[226.108200,182.627655]
[107.887520,214.452240]
[248.940369,151.093994]
[182.262787,168.032837]
[199.328186,166.581940]
[174.607330,204.185547]
[222.711761,201.176712]
[174.697113,204.321564]
[211.277939,208.460449]
[224.456314,161.054596]
[197.680176,211.289932]
[138.334015,140.733246]
[95.877266,177.367630]
[208.198547,196.808167]
[137.810898,154.196289]
[228.369141,193.205063]
[199.310303,166.124222]
[143.069016,225.250900]
[219.140839,120.896675]
[107.745270,193.502075]
[202.105423,134.461273]
[201.988754,158.205826]
[128.087769,226.913864]
[138.321136,140.732864]
[224.679825,161.737793]
[154.705872,134.007309]
[238.986221,175.341446]
[113.864525,209.114685]
[226.185699,182.359329]
[220.128799,203.346741]
[137.637573,152.700058]
[226.122375,182.318146]
[226.023758,153.942108]
[168.904236,154.895767]
[100.624733,197.399643]
[158.244598,189.053619]
[190.785553,130.056213]
[154.706161,134.009430]
[109.264923,231.110657]
[238.958832,175.416061]
[166.845169,156.671387]
[118.385071,230.811310]
[158.363754,180.412415]
[136.478363,183.407349]
[150.127945,158.460922]
[87.125954,204.726715]
[168.813141,155.013901]
[197.683517,211.290604]
[212.252075,136.726517]
[211.588715,136.686554]
[144.617447,156.515717]
[107.616005,225.540268]
[214.900131,192.943054]
[132.956924,165.512161]
[205.997101,189.097977]
[142.432922,203.688583]
[209.458405,136.765137]
[143.070358,225.249512]
[212.253632,136.725769]
[190.371292,130.224411]
[107.776421,214.798264]
[138.334274,140.733246]
[247.020554,151.002426]
[202.117447,211.257950]
[116.637688,152.729004]
[143.069183,225.250351]
[158.833527,174.105469]
[113.696785,175.532791]
[196.314972,203.487091]
[198.772263,167.171677]
[116.710464,175.969620]
[237.583847,145.918243]
[115.593315,152.706497]
[95.877045,177.365540]
[230.835693,232.464798]
[90.501572,217.333145]
[98.479492,176.502762]
[93.011871,204.325577]
[207.682831,114.471504]
[140.274948,139.729401]
[103.257980,218.011246]
[145.135559,183.703491]
[190.145401,130.375336]
[190.557159,156.219574]
[239.187714,193.608017]
[143.076569,225.237396]
[96.343842,195.217239]
[168.800781,155.017151]
[95.883934,177.355316]
[212.260452,136.725174]
[218.562485,120.881668]
[210.915939,136.735077]
[226.169861,182.352173]
[255.251984,134.712036]
[224.724594,196.046539]
[181.718506,188.785248]
[78.183945,230.422913]
[209.581924,185.326431]
[181.714447,188.790710]
[114.104691,160.820007]
[100.547630,176.745483]
[180.550690,144.504654]
[107.923302,154.172729]
[101.375603,206.304047]
[109.492256,152.272049]
[113.578880,208.317917]
[154.706070,134.009750]
[123.953575,191.590958]
[154.705887,134.014679]
[176.523514,205.650223]
[181.739304,188.779953]
[226.180511,182.358047]
[106.015800,197.405304]
[203.846893,219.356140]
[97.747917,194.392059]
[98.092468,193.441391]
[248.026138,212.457016]
[225.092697,156.036850]
[226.153625,182.745728]
[230.832199,232.472610]
[116.698029,175.957977]
[116.701195,175.958054]
[113.636589,176.230743]
[159.214859,177.174576]
[100.956062,168.669998]
[212.272400,136.725693]
[111.096199,151.851608]
[232.137604,198.285614]
[250.235794,164.438431]
[154.705811,134.015121]
[123.849510,191.623032]
[229.433945,157.849457]
[222.982300,201.254547]
[87.111382,204.717407]
[190.790314,130.047760]
[125.708855,199.956238]
[150.392792,162.479736]
[168.867218,154.922256]
[189.818436,177.915146]
[157.067627,168.284744]
[264.133606,141.833206]
[117.489746,175.983856]
[89.410301,225.372009]
[246.120483,142.495041]
[191.467941,129.778946]
[117.848946,152.867096]
[117.356483,230.697952]
[110.396828,231.005402]
[206.932816,174.116165]
[138.319901,140.732971]
[149.870850,191.047485]
[181.733353,188.786255]
[87.336914,206.365448]
[193.799072,209.552841]
[183.563858,168.233353]
[224.606522,171.764435]
[77.689262,231.105118]
[248.909409,167.562988]
[239.475815,185.476959]
[263.757019,141.800323]
[174.697021,204.378677]
[168.882263,154.955704]
[229.353119,201.243332]
[138.331589,140.732971]
[248.029007,212.454498]
[175.662582,205.112701]
[95.786407,177.358154]
[109.276199,231.109589]
[241.876343,190.471863]
[116.698509,175.957718]
[127.027229,218.956406]
[117.516464,175.989502]
[87.307739,206.348419]
[242.382507,132.297791]
[230.838760,232.486328]
[206.755829,210.549850]
[161.705353,211.276382]
[109.277840,231.110657]
[203.847031,219.369553]
[145.675797,184.021271]
[197.777100,178.755539]
[90.574921,211.620132]
[230.594269,232.429916]
[182.026901,156.331543]
[130.910294,202.736801]
[117.274101,152.748444]
[117.877258,152.868713]
[121.340065,134.972473]
[234.909836,118.268219]
[127.069763,190.244827]
[198.496536,166.710373]
[97.572777,162.768814]
[235.696182,196.447815]
[103.304680,187.487289]
[224.282135,128.022842]
[87.311790,206.313599]
[176.120132,140.776978]
[144.955292,184.319199]
[229.123245,114.580643]
[157.157562,149.623535]
[173.961258,203.932007]
[113.573257,208.309723]
[107.313644,217.753693]
[107.263718,217.451950]
[100.261620,192.489304]
[190.591400,130.105469]
[87.346024,206.338120]
[203.873215,218.129364]
[204.067245,197.872925]
[170.696457,201.684723]
[95.821381,187.396942]
[161.270294,203.858093]
[181.697662,147.427017]
[242.370544,132.291840]
[224.503983,229.651993]
[218.620667,120.893532]
[220.369095,67.569969]
[244.590240,187.474030]
[225.918198,131.771576]
[123.944946,191.601395]
[158.555649,170.221207]
[203.778580,219.459579]
[116.701134,175.957199]
[247.398422,213.451385]
[123.942368,191.594070]
[127.351921,202.746490]
[159.175873,111.098267]
[266.173645,158.457718]
[247.330780,184.592865]
[226.174637,125.114563]
[217.340118,154.180298]
[224.519211,229.665634]
[77.690666,231.102692]
[110.375229,151.859497]
[224.523956,229.667480]
[156.153580,232.540848]
[141.147217,188.206284]
[77.690353,231.103806]
[124.948715,191.207489]
[195.127411,211.457214]
[226.178635,182.357544]
[143.068085,225.252090]
[136.958191,189.287827]
[77.689896,231.104340]
[110.193825,166.355057]
[250.313858,163.117020]
[181.708420,188.798203]
[263.508575,164.321472]
[224.533371,229.672852]
[178.139938,219.094315]
[147.731491,154.517624]
[232.041412,121.192383]
[116.618317,196.390671]
[140.068268,139.775497]
[116.701736,175.957977]
[159.249329,111.057480]
[123.927292,191.597809]
[161.911362,230.087860]
[224.502426,229.650681]
[111.036530,230.727753]
[150.647110,149.517944]
[113.599434,208.357071]
[145.213837,185.290146]
[158.566223,170.215179]
[97.594215,194.613586]
[181.707779,188.799377]
[135.422791,202.709518]
[157.774506,169.731201]
[213.339340,219.212524]
[168.932800,154.873825]
[95.005180,228.289124]
[122.921585,151.699432]
[231.755936,68.115356]
[224.549881,229.689377]
[190.790695,130.047653]
[113.569450,208.309616]
[168.180344,96.225441]
[124.990997,191.561386]
[109.095947,139.968079]
[168.873032,154.968765]
[113.379601,206.542480]
[122.639481,218.968506]
[181.714035,188.791611]
[199.091339,188.290543]
[258.930359,135.038635]
[212.495193,149.529556]
[242.387161,132.296600]
[113.287788,206.733795]
[179.090210,206.250290]
[247.411331,213.439285]
[130.925095,149.568848]
[115.368668,140.010666]
[78.210678,230.421967]
[110.403290,231.015976]
[95.884941,177.369934]
[129.004059,197.925415]
[150.626617,197.718170]
[216.717850,217.522537]
[222.113419,213.445450]
[182.956955,226.095123]
[162.901810,214.297745]
[260.572327,157.210388]
[247.404068,213.440018]
[211.319794,172.051422]
[125.568130,212.824188]
[252.082626,144.527405]
[143.069016,225.250900]
[123.938782,191.594955]
[129.713745,128.995209]
[248.947876,166.775528]
[159.282562,111.042427]
[242.381577,132.288757]
[95.466591,178.521851]
[113.378403,206.543976]
[226.154572,182.320160]
[223.330338,135.592377]
[113.409531,207.441330]
[181.718567,188.785309]
[143.070053,225.248352]
[249.967636,181.666656]
[85.682396,184.480667]
[168.871872,154.970840]
[143.069122,225.251434]
[222.662201,201.429062]
[164.181091,229.202286]
[163.306458,40.713203]
[141.704437,193.943008]
[184.826599,189.382263]
[143.068344,225.251038]
[247.413269,213.426117]
[130.603806,172.857239]
[239.705643,146.630493]
[267.795746,152.589752]
[128.187256,231.972290]
[163.252121,40.699272]
[207.378571,37.994930]
[177.081879,227.171158]
[166.599594,219.200562]
[94.769096,166.707611]
[238.149536,221.678726]
[184.416458,176.897202]
[181.625504,188.783478]
[173.087372,225.868179]
[130.472351,180.521332]
[128.391235,163.657532]
[234.868973,203.703659]
[183.676926,143.424835]
[153.951187,197.696106]
[231.764648,68.089027]
[200.268738,162.640182]
[190.784912,130.059662]
[158.022018,170.148407]
[116.286568,193.519333]
[247.409500,213.436935]
[210.406998,234.933395]
[87.105896,204.720200]
[244.109924,120.961899]
[163.257324,40.700462]
[170.674118,201.671875]
[212.386215,183.412003]
[250.127747,165.018158]
[190.630600,209.624298]
[116.807541,230.709274]
[216.535294,68.328812]
[252.714630,125.830612]
[125.895042,139.886246]
[252.396210,184.598938]
[182.558929,233.140244]
[138.936203,196.875565]
[157.639282,168.453705]
[242.370209,132.283752]
[181.694473,188.874969]
[248.028168,212.452789]
[151.425980,123.561958]
[160.205261,68.493546]
[243.596832,194.902481]
[270.549744,150.747986]
[139.218964,214.694199]
