[191.465714,112.446609]
[179.545105,108.347260]
[141.678253,110.776566]
[91.400345,101.308281]
[179.542526,108.351654]
[182.160568,109.514786]
[125.798431,108.012466]
[146.494400,147.464951]
[185.817886,102.164383]
[176.612259,62.402058]
[151.095703,107.160057]
[153.453369,167.433212]
[197.272079,80.554741]
[84.785019,108.520172]
[181.762253,109.074455]
[132.804108,179.334793]
[166.542953,104.289673]
[125.889023,108.206680]
[108.518867,134.439865]
[84.790565,108.516418]
[124.383476,54.369987]
[181.512939,108.859039]
[140.302383,110.549652]
[125.797531,108.014046]
[141.706909,110.837990]
[141.657745,110.805611]
[124.390678,54.394081]
[149.886795,48.959263]
[152.111938,49.397831]
[197.277725,80.581841]
[185.385040,103.105087]
[153.311005,167.398788]
[146.269211,148.552307]
[199.520065,102.723549]
[160.050125,157.291031]
[173.181549,94.357948]
[166.543930,104.293556]
[197.273438,80.547455]
[109.011497,121.308838]
[142.602875,184.864319]
[152.645508,80.320778]
[161.594498,103.759613]
[116.908188,134.115326]
[197.264542,80.575424]
[166.541107,104.289551]
[185.825790,102.173157]
[174.717743,87.057945]
[125.096252,108.281982]
[123.836205,109.522934]
[125.936676,108.205505]
[125.798431,108.012466]
[176.622467,62.391689]
[172.623795,184.954483]
[124.388260,54.398182]
[152.249390,80.218666]
[184.075592,79.062431]
[132.805466,179.336029]
[180.795486,89.864975]
[132.807373,179.338348]
[140.645279,150.492874]
[160.054764,157.287201]
[176.617722,62.418957]
[116.911140,134.108337]
[152.201080,80.221313]
[176.620605,62.402954]
[133.193375,179.450211]
[84.793045,108.522003]
[120.012619,130.578949]
[116.904488,134.113617]
[152.236832,80.229042]
[122.569023,136.890472]
[133.338806,179.535980]
[152.102661,49.359264]
[126.297470,108.209152]
[96.768761,234.374176]
[146.273651,148.547348]
[122.509209,136.346054]
[181.656296,108.943275]
[153.274643,167.335144]
[160.051285,157.288635]
[116.903091,134.114548]
[124.387070,54.384682]
[126.299370,108.207390]
[125.802841,108.009979]
[197.266708,80.568558]
[91.471535,101.337006]
[176.614822,62.407391]
[153.159775,167.320908]
[152.109329,49.367870]
[116.905266,134.114288]
[178.679260,107.902191]
[151.093018,107.165138]
[152.646637,80.320755]
[165.190826,104.066437]
[159.954468,204.757355]
[161.195770,80.047096]
[140.306778,110.546745]
[175.460556,61.625790]
[160.110596,217.292007]
[185.703201,103.381325]
[125.967880,172.419373]
[176.609985,62.419655]
[126.300163,108.207039]
[197.270798,80.560921]
[116.906891,134.113861]
[135.817932,53.978184]
[152.107712,49.412933]
[187.461517,104.762909]
[133.339111,179.537582]
[152.104370,49.361626]
[175.502579,98.772484]
[109.022446,121.402420]
[154.279282,35.615616]
[173.231186,184.546875]
[124.388878,54.380955]
[152.112289,49.404228]
[160.138290,217.263947]
[122.440178,136.085739]
[180.504761,98.148834]
[94.104538,113.510910]
[122.475388,136.066864]
[146.289139,148.555008]
[152.212708,80.226631]
[143.909302,191.865036]
[170.007858,75.727402]
[140.311783,110.548874]
[187.113281,80.821823]
[138.202072,194.814590]
[126.298668,108.210487]
[141.633743,110.813972]
[136.687698,83.444176]
[133.342285,179.540482]
[158.340164,192.100037]
[201.810501,89.566589]
[147.218216,186.729446]
[162.579834,186.682312]
[196.069427,114.358131]
[145.607224,99.509735]
[140.848801,64.980431]
[116.903412,134.115295]
[141.280579,154.383575]
[84.785301,108.520592]
[153.260910,167.330795]
[131.487274,121.308746]
[122.582535,136.971161]
[145.234222,152.986237]
[160.774292,216.936447]
[122.661148,66.980057]
[96.769432,234.364273]
[179.543365,108.346642]
[185.846130,102.175835]
[136.574280,80.373039]
[144.522903,156.879349]
[135.763763,86.700836]
[142.863281,70.580643]
[122.657532,66.983582]
[171.253525,214.402710]
[144.658676,209.431473]
[131.132263,66.530945]
[151.094589,107.155869]
[108.695358,134.518707]
[147.588074,199.595917]
[125.958107,108.205429]
[160.150681,84.025307]
[153.438980,167.429657]
[153.170029,167.285995]
[113.231895,124.216881]
[109.000450,121.319656]
[144.657684,209.425873]
[160.672470,199.079224]
[68.263855,87.666664]
[86.739616,117.622696]
[152.646423,80.318756]
[185.925583,102.138084]
[166.537140,104.293488]
[197.260254,80.592377]
[160.050354,157.290482]
[153.448944,167.433655]
[150.985336,48.900974]
[125.098686,108.282036]
[154.760330,62.850796]
[108.695358,134.518707]
[116.904968,134.112061]
[158.369995,63.618580]
[127.538422,65.302887]
[192.303024,108.096832]
[137.564331,99.880669]
[91.507561,101.346153]
[144.654739,209.877365]
[163.703156,104.094940]
[179.253387,78.517441]
[124.394180,54.399204]
[192.071091,110.407188]
[122.459373,136.214890]
[152.206207,80.223549]
[137.512054,103.464645]
[127.946823,39.602871]
[107.735542,125.696983]
[144.656631,209.427200]
[122.556137,136.354736]
[136.993744,149.691513]
[140.878784,65.463470]
[122.598778,137.067200]
[169.035431,79.584648]
[85.008606,106.548309]
[140.768341,167.375000]
[109.803329,123.576019]
[170.222183,210.469986]
[151.094482,107.156883]
[92.379761,113.463211]
[172.735489,184.942459]
[162.319763,87.540840]
[125.899620,108.207397]
[174.283997,198.182678]
[138.924606,197.979904]
[175.377106,61.636856]
[194.320847,167.378754]
[138.073120,156.085510]
[174.274933,198.186279]
[89.711464,117.590019]
[166.728195,204.344482]
[153.454269,167.433273]
[181.662399,216.424545]
[91.548103,101.370277]
[185.834015,102.161232]
[174.273804,198.188995]
[136.426361,77.271957]
[152.549286,193.557297]
[122.666756,66.985077]
[159.635361,75.570099]
[160.271622,217.131531]
[112.846924,127.714180]
[116.905762,134.112015]
[137.754074,91.738724]
[144.656967,209.420822]
[152.106842,49.412266]
[122.541420,136.151489]
[153.410690,167.419189]
[195.896927,91.378441]
[143.767563,204.287262]
[146.084015,148.523407]
[144.262085,88.702988]
[181.326431,83.690567]
[161.487915,94.350533]
[167.737686,93.238441]
[151.763397,64.552284]
[138.930145,203.130600]
[122.655548,66.992004]
[171.520142,185.176163]
[126.298439,108.211128]
[201.055283,117.130661]
[141.555817,162.986832]
[143.168350,180.656433]
[173.686020,77.561188]
[116.905891,134.116211]
[68.230423,87.636162]
[134.883484,159.822281]
[197.270065,80.560722]
[160.097595,217.336746]
[158.666687,66.749069]
[79.888878,87.847359]
[176.621170,62.413395]
[122.667732,66.985916]
[94.719902,216.411972]
[159.490921,196.005219]
[144.651749,209.860214]
[135.134491,196.567947]
[84.847046,108.501213]
[174.276062,198.187500]
[153.253799,167.312012]
[84.827011,108.537544]
[68.235657,87.637032]
[68.220535,87.632790]
[136.528809,155.980103]
[160.053375,157.287354]
[125.101120,108.279686]
[176.611526,62.422150]
[142.854614,70.568275]
[133.219727,127.911377]
[174.286209,215.198181]
[148.841614,91.170349]
[142.942657,195.338379]
[147.805008,167.521484]
[142.463364,230.458939]
[124.383301,54.387226]
[91.426460,101.316658]
[195.294464,111.623047]
[141.283783,66.388199]
[116.901672,134.117081]
[173.226364,184.551651]
[-1.000000,-1.000000]
[144.663132,209.879166]
[91.399933,101.306923]
[180.621796,108.556831]
[91.509903,101.351593]
[171.528336,185.166779]
[153.455566,167.435959]
[96.537178,116.389900]
[179.543304,108.348312]
[162.594696,186.702087]
[142.462509,230.461105]
[166.312759,104.269226]
[174.282104,198.183365]
[68.226196,87.632904]
[126.385864,157.078171]
[155.894455,70.198578]
[167.045013,207.670837]
[138.519165,168.068909]
[152.644882,80.314941]
[134.819672,90.514336]
[116.909294,134.113998]
[150.980179,48.886204]
[158.133865,237.214706]
[150.985397,48.901100]
[144.654984,209.872925]
[142.460358,230.456253]
[142.748138,131.764496]
[196.949020,108.282578]
[133.250000,179.473984]
[145.555649,195.806503]
[124.397926,54.391399]
[163.141586,145.163666]
[149.881714,48.969086]
[124.383560,54.370014]
[133.335236,179.527954]
[151.413513,187.857513]
[133.341156,179.539993]
[180.685104,216.475784]
[194.326569,167.389587]
[165.806946,104.296249]
[146.912155,181.810089]
[199.276016,116.186119]
[153.128006,237.130707]
[166.355743,86.307304]
[141.630493,110.826500]
[174.728317,219.846909]
[173.226288,184.554993]
[160.087708,217.350983]
[117.446762,126.585068]
[133.332336,179.525024]
[136.620865,97.469604]
[197.283005,80.570137]
[160.086380,217.350388]
[161.642120,142.617004]
[-1.000000,-1.000000]
[148.822662,36.660027]
[194.324020,167.376663]
[184.087173,181.800140]
[116.908325,134.114441]
[163.625916,45.182835]
[124.393402,54.394611]
[94.723183,216.410934]
[131.699921,160.126801]
[140.314911,110.557274]
[160.334869,70.564697]
[148.138260,194.235153]
[129.264954,158.563690]
[94.720352,216.412827]
[117.687294,194.839294]
[150.983154,48.899853]
[116.904488,134.113617]
[124.393890,54.399750]
[171.522980,185.202301]
[151.000046,48.893425]
[142.460358,230.456253]
[194.327515,167.383896]
[108.659561,134.518982]
[148.295624,223.964233]
[123.815193,161.493896]
[167.209229,169.658524]
[173.228928,184.547226]
[131.959091,198.721512]
[149.881973,48.966446]
[96.775581,234.362442]
[188.173538,178.941772]
[-1.000000,-1.000000]
[108.998230,121.271843]
[124.388977,54.405571]
[96.770691,234.364639]
[166.557297,43.615917]
[132.809113,179.340469]
[89.100609,123.976677]
[159.782059,90.797203]
[122.655128,66.992111]
[132.260895,169.518600]
[-1.000000,-1.000000]
[115.700081,191.088470]
[174.279633,198.183807]
[123.236366,159.599380]
[152.156067,182.912064]
[124.396446,54.406605]
[-1.000000,-1.000000]
[145.243622,121.905121]
[181.443924,42.898758]
[119.038849,190.624680]
[91.392563,101.306267]
[141.632080,110.832771]
[94.721916,216.411102]
[108.827148,202.774887]
[160.774918,216.938492]
[174.276138,198.187225]
[177.456421,211.102432]
[104.818024,205.799881]
[68.260696,87.664421]
[128.623444,225.222076]
[197.262512,80.581528]
[174.273834,198.188766]
[194.329315,167.392609]
[-1.000000,-1.000000]
[194.324326,167.376404]
[194.325760,167.384628]
[-1.000000,-1.000000]
[107.790436,198.813721]
[69.594879,102.198891]
[150.982086,48.893078]
[150.118332,228.910263]
[113.212906,190.410400]
[120.166809,162.755341]
[162.575394,186.682129]
[176.650787,62.530449]
[163.540344,54.554420]
[197.169830,68.437622]
[121.885910,40.638008]
[169.785294,174.869965]
[189.184052,182.614990]
[94.721001,216.409698]
[131.947174,201.910812]
[141.748016,79.341431]
[152.101440,180.164017]
[105.635513,204.510284]
[166.455414,49.899132]
[-1.000000,-1.000000]
[-1.000000,-1.000000]
[-1.000000,-1.000000]
[-1.000000,-1.000000]
[-1.000000,-1.000000]
[157.572800,102.259354]
[94.719284,216.410629]
[-1.000000,-1.000000]
[-1.000000,-1.000000]
[124.063179,191.523773]
[160.769943,216.936615]
[-1.000000,-1.000000]
[179.092606,174.092133]
[173.826172,197.658142]
[-1.000000,-1.000000]
[68.258614,87.663429]
[160.049866,157.289536]
[-1.000000,-1.000000]
[124.385094,54.409039]
[171.369019,168.073273]
[153.196655,167.293457]
[150.163574,128.369400]
[135.733459,169.571060]
[-1.000000,-1.000000]
[94.722725,216.411362]
[-1.000000,-1.000000]
[129.543030,194.065887]
[163.723648,73.196465]
[-1.000000,-1.000000]
[114.749138,127.151909]
[-1.000000,-1.000000]
[195.126572,46.498962]
[-1.000000,-1.000000]
[-1.000000,-1.000000]
[194.323532,167.388824]
[-1.000000,-1.000000]
[166.512207,162.054855]
[-1.000000,-1.000000]
[88.948318,223.798553]
[-1.000000,-1.000000]
[162.109329,138.007843]
[-1.000000,-1.000000]
[-1.000000,-1.000000]
[144.658066,209.877029]
[180.998077,39.021133]
[156.040146,25.917870]
[203.915833,103.397537]
[96.768547,234.374039]
[-1.000000,-1.000000]
[-1.000000,-1.000000]
[-1.000000,-1.000000]
[91.519318,101.353104]
[-1.000000,-1.000000]
[132.950607,165.288895]
[-1.000000,-1.000000]
[187.364975,39.973549]
[-1.000000,-1.000000]
[-1.000000,-1.000000]
[122.271294,152.789185]
[-1.000000,-1.000000]
[-1.000000,-1.000000]
[163.320938,115.225563]
[-1.000000,-1.000000]
[97.864799,204.784470]
[-1.000000,-1.000000]
[116.316948,128.917587]
[188.561813,41.233017]
[133.340027,179.537537]
[84.793045,108.522003]
