[191.125931,112.275414]
[179.375229,108.223969]
[141.675201,110.781487]
[91.305290,101.311554]
[179.372528,108.228485]
[181.915421,109.372681]
[125.793037,108.029037]
[146.458405,147.465424]
[185.572205,101.870949]
[176.424423,62.229752]
[151.095917,107.170052]
[153.451279,167.441681]
[196.362579,79.849045]
[84.690712,108.501251]
[181.559982,108.910255]
[132.812286,179.349030]
[166.562637,104.264595]
[125.882446,108.218719]
[108.470535,134.443329]
[84.695694,108.497200]
[124.422203,54.390373]
[181.319427,108.722061]
[140.301422,110.554428]
[125.792061,108.030434]
[141.704010,110.843010]
[141.654968,110.810936]
[124.429581,54.414257]
[149.883499,48.960556]
[152.105042,49.398380]
[196.367218,79.879051]
[185.132050,102.836296]
[153.308990,167.406891]
[146.234818,148.554184]
[199.020782,102.385796]
[160.035492,157.295456]
[173.126678,94.171326]
[166.563644,104.268547]
[196.363922,79.840797]
[108.951698,121.345352]
[142.611237,184.851013]
[152.653748,80.329956]
[161.606918,103.744499]
[116.844955,134.103226]
[196.354935,79.872475]
[166.560776,104.264091]
[185.579422,101.879387]
[174.653076,86.718460]
[125.088326,108.294540]
[123.823280,109.537254]
[125.929520,108.217331]
[125.793037,108.029037]
[176.434677,62.218292]
[172.618164,184.970016]
[124.427193,54.418381]
[152.256668,80.229553]
[183.724686,78.487946]
[132.813782,179.350357]
[180.610779,89.508202]
[132.815643,179.352554]
[140.608673,150.485992]
[160.040024,157.291489]
[176.429413,62.248341]
[116.847725,134.096405]
[152.208038,80.231735]
[176.432693,62.230770]
[133.201447,179.463379]
[84.697975,108.502663]
[119.959351,130.588882]
[116.841316,134.101761]
[152.244141,80.239403]
[122.517929,136.889328]
[133.346359,179.548111]
[152.095490,49.359829]
[126.291710,108.219986]
[96.756943,234.382950]
[146.239609,148.549530]
[122.460182,136.342300]
[181.458389,108.792221]
[153.272385,167.343231]
[160.036652,157.293121]
[116.839752,134.102448]
[124.425873,54.405018]
[126.293884,108.218262]
[125.797340,108.026306]
[196.357361,79.864609]
[91.379204,101.341583]
[176.426910,62.235847]
[153.158066,167.328842]
[152.102173,49.368580]
[116.842064,134.102356]
[178.518295,107.781677]
[151.093384,107.175369]
[152.654816,80.329765]
[165.203949,104.033470]
[159.954834,204.754349]
[161.196579,79.909111]
[140.305740,110.551720]
[175.268570,61.476955]
[160.109543,217.297592]
[185.462082,103.132675]
[125.971611,172.449554]
[176.421768,62.249176]
[126.294609,108.217918]
[196.361145,79.855629]
[116.843849,134.102112]
[135.840195,53.993572]
[152.100800,49.414082]
[187.193222,104.507828]
[133.346741,179.549835]
[152.097351,49.362289]
[175.392548,98.612114]
[108.963585,121.438408]
[154.261612,35.607010]
[173.221573,184.573334]
[124.427872,54.401215]
[152.105515,49.405197]
[160.138062,217.269791]
[122.388458,136.084045]
[180.342285,97.905495]
[93.977859,113.498993]
[122.423233,136.065277]
[146.254959,148.556854]
[152.219833,80.237076]
[143.918182,191.863373]
[169.955505,75.462936]
[140.310730,110.553764]
[186.591064,80.128143]
[138.209946,194.820633]
[126.292992,108.221481]
[141.631104,110.819183]
[136.713593,83.463112]
[133.349945,179.552490]
[158.350266,192.098007]
[200.839584,88.884521]
[147.227142,186.718582]
[162.579132,186.689346]
[195.635391,114.177711]
[145.609116,99.518074]
[140.852814,65.001289]
[116.840248,134.103378]
[141.250977,154.384720]
[84.691269,108.502045]
[153.258682,167.339035]
[131.468018,121.321236]
[122.530426,136.970947]
[145.199295,152.995117]
[160.786484,216.944260]
[122.704651,66.993286]
[96.757408,234.373032]
[179.373627,108.223198]
[185.597458,101.881088]
[136.600739,80.380371]
[144.491318,156.888306]
[135.786133,86.718666]
[142.878510,70.606682]
[122.701157,66.996796]
[171.262833,214.402832]
[144.644821,209.422516]
[131.171906,66.540680]
[151.094879,107.165596]
[108.645912,134.521286]
[147.589325,199.594376]
[125.950775,108.217384]
[160.160873,83.937141]
[153.436890,167.437988]
[153.168167,167.293854]
[113.176315,124.230850]
[108.941124,121.356201]
[144.643768,209.416870]
[160.680206,199.079407]
[68.190674,87.678047]
[86.665283,117.616768]
[152.654617,80.327950]
[185.665359,101.838974]
[166.556870,104.268402]
[196.350464,79.892006]
[160.035599,157.295059]
[153.446960,167.442017]
[150.977554,48.901764]
[125.090652,108.294426]
[154.752014,62.858883]
[108.645912,134.521286]
[116.841682,134.100006]
[158.329895,63.605644]
[127.581482,65.314270]
[191.957138,107.802254]
[137.576538,99.895866]
[91.428871,101.356972]
[144.643082,209.873459]
[163.723251,104.068871]
[179.048553,78.121796]
[124.432854,54.419765]
[191.716873,110.182449]
[122.409309,136.212128]
[152.213242,80.233589]
[137.519257,103.476166]
[127.962776,39.629017]
[107.684059,125.717468]
[144.643021,209.418472]
[122.506897,136.350769]
[136.953568,149.679993]
[140.883759,65.486725]
[122.547966,137.066391]
[169.028015,79.355675]
[84.888252,106.522171]
[140.770142,167.381485]
[109.749924,123.598396]
[170.231125,210.470963]
[151.094604,107.166763]
[92.276474,113.456940]
[172.729050,184.958115]
[162.339981,87.414871]
[125.892761,108.219185]
[174.278915,198.201294]
[138.925385,197.998749]
[175.175797,61.486111]
[194.276932,167.405014]
[138.036804,156.079010]
[174.269485,198.204987]
[89.622902,117.582314]
[166.728531,204.359375]
[153.452286,167.441650]
[181.657410,216.449661]
[91.470078,101.381584]
[185.586670,101.866974]
[174.268875,198.207672]
[136.452484,77.281586]
[152.557449,193.549088]
[122.710442,66.998573]
[159.620651,75.483971]
[160.276215,217.139465]
[112.794922,127.726547]
[116.842468,134.099884]
[137.769775,91.756042]
[144.643204,209.411972]
[152.099731,49.413292]
[122.490562,136.149078]
[153.408768,167.427795]
[195.222275,90.708069]
[143.764481,204.288452]
[146.047119,148.524246]
[144.266830,88.731781]
[181.134308,83.233589]
[161.506348,94.292480]
[167.761887,93.105858]
[151.768967,64.565765]
[138.929840,203.149002]
[122.699318,67.005798]
[171.517776,185.191345]
[126.292465,108.221893]
[200.664551,116.916435]
[141.536011,162.990631]
[143.176788,180.661880]
[173.610184,77.348389]
[116.842628,134.104233]
[68.157852,87.648163]
[134.854019,159.816940]
[196.360519,79.855598]
[160.095947,217.341904]
[158.630020,66.712967]
[79.770248,87.860748]
[176.432846,62.242294]
[122.711319,66.999420]
[94.720024,216.443344]
[159.489944,196.014160]
[144.639709,209.855896]
[135.136414,196.574127]
[84.745819,108.479462]
[174.270950,198.205856]
[153.251404,167.319962]
[84.728165,108.516975]
[68.162598,87.648979]
[68.147308,87.645317]
[136.494690,155.970261]
[160.038773,157.291855]
[125.093277,108.292480]
[176.423233,62.252079]
[142.869659,70.594391]
[133.189484,127.923775]
[174.288071,215.216156]
[148.843384,91.187576]
[142.947342,195.339340]
[147.793549,167.530624]
[142.456146,230.455475]
[124.422234,54.407467]
[91.332489,101.320503]
[194.863647,111.437073]
[141.290543,66.421005]
[116.838577,134.105026]
[173.216965,184.578354]
[-1.000000,-1.000000]
[144.651688,209.875565]
[91.304794,101.310242]
[180.440826,108.435822]
[91.430901,101.362129]
[171.525818,185.182159]
[153.453308,167.444351]
[96.440865,116.395439]
[179.373459,108.225197]
[162.593704,186.709167]
[142.455963,230.457809]
[166.332565,104.245323]
[174.276840,198.201965]
[68.153275,87.645294]
[126.365479,157.083069]
[155.886917,70.199921]
[167.042023,207.677444]
[138.514862,168.075653]
[152.653030,80.324219]
[134.838531,90.520966]
[116.846115,134.102264]
[150.972488,48.887409]
[158.100830,237.244614]
[150.977463,48.901772]
[144.643280,209.868881]
[142.453430,230.452774]
[142.705475,131.766098]
[196.540695,107.991669]
[133.258026,179.486740]
[145.554565,195.801376]
[124.436798,54.411903]
[163.105820,145.160980]
[149.878586,48.970070]
[124.422234,54.389992]
[133.342819,179.540115]
[151.426620,187.841125]
[133.348724,179.551834]
[180.682358,216.503311]
[194.282013,167.416611]
[165.826050,104.276695]
[146.918030,181.813980]
[198.848618,115.985870]
[153.145264,237.123001]
[166.378723,86.090492]
[141.627426,110.831902]
[174.727097,219.864700]
[173.216614,184.581436]
[160.085602,217.355896]
[117.400223,126.598473]
[133.339752,179.537109]
[136.635742,97.489723]
[196.372681,79.865623]
[160.084122,217.355362]
[161.599487,142.611053]
[-1.000000,-1.000000]
[148.786224,36.658829]
[194.279419,167.403610]
[184.066376,181.824112]
[116.844879,134.102249]
[163.589340,45.113159]
[124.432381,54.414986]
[94.723518,216.442276]
[131.680573,160.130417]
[140.313782,110.562195]
[160.294937,70.474045]
[148.144638,194.234802]
[129.248856,158.584702]
[94.720390,216.444168]
[117.676109,194.868103]
[150.975388,48.900738]
[116.841316,134.101761]
[124.432716,54.420044]
[171.520844,185.217789]
[150.991745,48.894539]
[142.453430,230.452774]
[194.283325,167.410965]
[108.610695,134.521729]
[148.278427,223.960022]
[123.811066,161.511673]
[167.216156,169.675659]
[173.219269,184.573730]
[131.958282,198.736649]
[149.878754,48.967762]
[96.763702,234.370941]
[188.156250,178.962296]
[-1.000000,-1.000000]
[108.938393,121.308235]
[124.427971,54.426006]
[96.758942,234.373337]
[166.480057,43.618916]
[132.817322,179.354691]
[88.996208,123.958214]
[159.795944,90.756073]
[122.698807,67.005829]
[132.272247,169.542114]
[-1.000000,-1.000000]
[115.708412,191.097366]
[174.274506,198.202347]
[123.231850,159.620773]
[152.164398,182.914337]
[124.435249,54.426926]
[-1.000000,-1.000000]
[145.223358,121.906448]
[180.691620,43.621853]
[119.038788,190.642639]
[91.297310,101.309624]
[141.629211,110.838104]
[94.722336,216.442413]
[108.862442,202.756378]
[160.786774,216.946289]
[174.270889,198.205658]
[177.463120,211.115173]
[104.832718,205.802490]
[68.187790,87.675911]
[128.557678,225.160034]
[196.352875,79.879364]
[174.268860,198.207169]
[194.284973,167.419769]
[-1.000000,-1.000000]
[194.280106,167.402969]
[194.281525,167.411636]
[-1.000000,-1.000000]
[107.839600,198.781219]
[69.534119,102.188614]
[150.974411,48.894039]
[150.119934,228.914490]
[113.287468,190.358887]
[120.160553,162.753128]
[162.574783,186.689026]
[176.460480,62.366814]
[163.437897,54.477863]
[196.162827,67.914040]
[121.921242,40.666199]
[169.794067,174.887115]
[189.164276,182.638870]
[94.721153,216.441345]
[131.946014,201.934219]
[141.760803,79.370079]
[152.101791,180.169525]
[105.660934,204.502838]
[166.317947,49.788536]
[-1.000000,-1.000000]
[-1.000000,-1.000000]
[-1.000000,-1.000000]
[-1.000000,-1.000000]
[-1.000000,-1.000000]
[157.580536,102.241570]
[94.719208,216.442245]
[-1.000000,-1.000000]
[-1.000000,-1.000000]
[124.071083,191.530121]
[160.782166,216.944321]
[-1.000000,-1.000000]
[179.101639,174.090103]
[173.825378,197.672318]
[-1.000000,-1.000000]
[68.185745,87.675026]
[160.034912,157.293884]
[-1.000000,-1.000000]
[124.423897,54.429241]
[171.365234,168.093811]
[153.194397,167.301575]
[150.141418,128.362183]
[135.736801,169.581100]
[-1.000000,-1.000000]
[94.722610,216.442810]
[-1.000000,-1.000000]
[129.551941,194.075668]
[163.690475,72.944824]
[-1.000000,-1.000000]
[114.696556,127.164452]
[-1.000000,-1.000000]
[194.590881,46.463089]
[-1.000000,-1.000000]
[-1.000000,-1.000000]
[194.279129,167.415527]
[-1.000000,-1.000000]
[166.509399,162.084610]
[-1.000000,-1.000000]
[88.946533,223.821136]
[-1.000000,-1.000000]
[162.052353,138.000031]
[-1.000000,-1.000000]
[-1.000000,-1.000000]
[144.646347,209.873291]
[180.217209,40.097130]
[156.014816,25.994602]
[203.428146,102.966225]
[96.756645,234.383011]
[-1.000000,-1.000000]
[-1.000000,-1.000000]
[-1.000000,-1.000000]
[91.440468,101.363724]
[-1.000000,-1.000000]
[132.947540,165.308640]
[-1.000000,-1.000000]
[186.472534,41.088791]
[-1.000000,-1.000000]
[-1.000000,-1.000000]
[122.240776,152.783493]
[-1.000000,-1.000000]
[-1.000000,-1.000000]
[163.332626,115.199013]
[-1.000000,-1.000000]
[97.887512,204.776596]
[-1.000000,-1.000000]
[116.261482,128.925125]
[187.709824,42.295326]
[133.347626,179.549637]
[84.697975,108.502663]
