[192.453720,131.136810]
[182.197159,123.306053]
[147.501297,115.229782]
[95.938095,100.498978]
[182.194809,123.308769]
[184.151352,125.376343]
[132.620789,109.851402]
[151.194794,141.951813]
[187.249298,121.577217]
[180.931442,85.086250]
[156.407135,113.137619]
[158.044403,161.138779]
[199.171478,108.605522]
[89.337296,108.066551]
[183.930206,124.816811]
[134.940170,174.690521]
[169.321869,116.521629]
[132.703979,109.986366]
[116.860130,129.706650]
[89.350822,108.064659]
[133.335968,68.793831]
[183.712311,124.559441]
[146.064209,114.816635]
[132.620163,109.852333]
[147.526367,115.328316]
[147.479858,115.266518]
[133.342377,68.818123]
[160.262405,67.482285]
[162.745605,68.034187]
[199.183884,108.611938]
[186.849075,121.974663]
[157.874695,161.081039]
[151.090546,142.922424]
[201.539581,124.798882]
[163.527481,152.280945]
[176.240448,110.071503]
[169.322052,116.525665]
[199.172928,108.601700]
[117.037270,118.589195]
[143.483398,180.152695]
[158.854752,94.510040]
[165.217148,115.483963]
[124.757187,129.050262]
[199.162537,108.613464]
[169.320312,116.520699]
[187.255447,121.584526]
[177.368591,105.219238]
[131.994751,109.786606]
[130.861130,110.228775]
[132.739304,110.002670]
[132.620789,109.851402]
[180.941101,85.080200]
[175.575806,179.409668]
[133.342224,68.832291]
[158.532013,94.425514]
[185.736542,101.480972]
[134.940552,174.691223]
[183.020645,109.106804]
[134.942123,174.695084]
[146.476913,144.222183]
[163.530548,152.277283]
[180.927658,85.119537]
[124.748352,129.032745]
[158.498444,94.425346]
[180.935593,85.094856]
[135.293030,174.766541]
[89.352882,108.070526]
[128.692810,126.079102]
[124.752419,129.046173]
[158.522263,94.430855]
[130.169983,131.418671]
[135.396515,174.868546]
[162.746216,67.987572]
[133.029602,110.135857]
[96.515236,234.389313]
[151.093384,142.919662]
[130.279907,130.754807]
[183.832932,124.657143]
[157.827682,161.015045]
[163.527725,152.279053]
[124.740540,129.047699]
[133.338913,68.809090]
[133.031647,110.135345]
[132.625153,109.850372]
[199.166534,108.610077]
[96.028145,100.528839]
[180.929596,85.100044]
[157.728790,160.987366]
[162.752075,67.993416]
[124.752083,129.037781]
[181.435333,122.850739]
[156.405746,113.140617]
[158.855774,94.510033]
[168.058899,116.011879]
[161.343369,202.174789]
[166.242462,96.677925]
[146.068939,114.814384]
[180.180298,83.568695]
[160.065613,216.454239]
[187.073380,122.433846]
[128.931152,164.852722]
[180.919937,85.116791]
[133.031097,110.135170]
[199.170013,108.609245]
[124.743019,129.038849]
[145.299362,69.270142]
[162.738663,68.053658]
[188.257965,124.596527]
[135.397156,174.871185]
[162.748779,67.982544]
[178.607193,113.956520]
[117.023247,118.656570]
[166.575394,55.116325]
[176.181732,179.052841]
[133.341965,68.805565]
[162.744965,68.042519]
[160.093887,216.403824]
[130.177826,130.572296]
[183.314499,115.210381]
[98.755913,111.753395]
[130.208191,130.558411]
[151.110840,142.928314]
[158.505768,94.428123]
[144.421646,187.588364]
[173.240784,95.414314]
[146.073135,114.815796]
[188.668076,104.975227]
[138.597534,192.387558]
[133.030182,110.137268]
[147.456451,115.271492]
[143.664261,94.683968]
[135.398712,174.874588]
[161.256805,185.893219]
[205.120255,114.612030]
[148.425201,182.002533]
[165.509903,180.254135]
[197.471909,132.738190]
[151.450607,107.340477]
[149.888321,79.977066]
[124.740540,129.048187]
[146.962845,147.513824]
[89.337967,108.067780]
[157.812546,161.008438]
[139.266693,120.636978]
[130.171661,131.462372]
[150.467041,146.701248]
[160.815094,215.996979]
[131.025909,80.439728]
[96.513771,234.387436]
[182.195816,123.305321]
[187.269028,121.595970]
[143.850998,92.296494]
[149.759064,150.037720]
[142.503265,97.309654]
[151.183136,84.910553]
[131.022034,80.441933]
[171.696472,212.803604]
[144.444717,207.371368]
[139.496674,80.192123]
[156.406494,113.134766]
[117.051033,129.753296]
[147.764771,196.670792]
[132.754974,110.010132]
[164.998947,99.596954]
[158.019150,161.128250]
[157.731155,160.948654]
[121.141373,120.395149]
[117.013542,118.599487]
[144.445053,207.365997]
[163.246841,193.552032]
[72.457748,89.896484]
[91.288780,115.754341]
[158.855453,94.508415]
[187.330658,121.607101]
[169.314865,116.527596]
[199.159103,108.621750]
[163.527191,152.281006]
[158.040253,161.138687]
[161.540634,67.487885]
[131.995819,109.786499]
[163.847580,80.554878]
[117.051033,129.753296]
[124.741150,129.035889]
[166.902832,81.519302]
[135.953186,78.792542]
[193.096130,128.682007]
[143.729828,107.093964]
[96.073349,100.540504]
[144.404312,207.784286]
[166.906128,115.798042]
[181.304901,100.050537]
[133.345703,68.824356]
[192.879044,129.952057]
[130.211868,130.654449]
[158.501923,94.426254]
[143.603241,109.736923]
[137.596420,55.152344]
[115.985825,122.597099]
[144.443542,207.367142]
[130.309128,130.756500]
[142.834717,143.015274]
[149.869110,80.406090]
[130.171844,131.502563]
[172.324677,98.045395]
[89.462158,106.150169]
[145.802658,160.381516]
[117.812561,120.471260]
[170.708298,208.592834]
[156.406311,113.135056]
[97.032066,111.861130]
[175.694305,179.418564]
[166.631195,102.685501]
[132.712311,109.990227]
[176.599823,193.240265]
[139.259094,196.259659]
[180.082306,83.544968]
[194.173050,165.397903]
[143.487091,148.616760]
[176.590912,193.247391]
[94.268707,115.553719]
[168.302917,201.236237]
[158.045349,161.138596]
[181.794434,216.044617]
[96.105804,100.561676]
[187.260056,121.582771]
[176.591064,193.251740]
[144.077469,89.516060]
[154.582397,188.689865]
[131.032150,80.443886]
[165.453323,92.626862]
[160.242142,216.228989]
[120.934723,123.558731]
[124.741402,129.035278]
[144.313690,101.365273]
[144.444809,207.360535]
[162.737228,68.049583]
[130.252716,130.589355]
[157.986649,161.114944]
[198.433182,115.385956]
[143.748474,202.442642]
[150.930283,142.867081]
[150.400314,100.041679]
[183.126968,104.779610]
[165.561523,107.789368]
[170.954468,107.886574]
[160.693634,81.581337]
[139.213913,202.336060]
[131.019531,80.442924]
[174.481918,179.487167]
[133.030411,110.137405]
[201.665024,134.573105]
[146.716476,155.866211]
[144.597336,173.887085]
[176.497772,97.322670]
[124.741516,129.041382]
[72.444778,89.875702]
[139.841461,152.044937]
[199.169418,108.609604]
[160.043900,216.504578]
[166.690811,84.039085]
[84.250145,89.146744]
[180.932510,85.114166]
[131.033691,80.444847]
[94.539406,216.644730]
[162.360367,190.045914]
[144.402603,207.769028]
[135.383682,195.125275]
[89.394348,108.035210]
[176.593475,193.247498]
[157.803436,160.986816]
[89.381332,108.081718]
[72.447083,89.875473]
[72.437576,89.872215]
[141.798950,148.342728]
[163.529633,152.277420]
[131.998535,109.786613]
[180.932800,85.119423]
[151.175858,84.898445]
[141.763672,125.928093]
[174.468796,214.335556]
[154.658691,102.357887]
[143.231674,191.768814]
[153.056839,160.776352]
[141.947540,230.131363]
[133.335022,68.811798]
[95.969437,100.503685]
[196.459900,131.317398]
[150.181915,81.272911]
[124.748352,129.050064]
[176.177155,179.058685]
[-1.000000,-1.000000]
[144.411072,207.784210]
[95.938263,100.497536]
[183.087891,123.856438]
[96.074905,100.544914]
[174.489838,179.476715]
[158.046585,161.142456]
[101.098701,113.754257]
[182.195862,123.306732]
[165.531403,180.273560]
[141.946655,230.134613]
[169.082153,116.468956]
[176.598419,193.241959]
[72.439682,89.871780]
[130.573120,146.521423]
[163.593063,86.235115]
[167.968887,205.456329]
[143.114838,160.919907]
[158.854187,94.506889]
[141.451950,100.158791]
[124.748787,129.050354]
[161.536743,67.472824]
[157.709076,237.025467]
[161.540985,67.488815]
[144.404556,207.779266]
[141.951904,230.131973]
[150.337326,129.215378]
[198.274353,129.309753]
[135.333862,174.790344]
[145.841461,191.911560]
[133.350510,68.816292]
[166.312897,141.994446]
[160.257507,67.488739]
[133.335739,68.793793]
[135.395325,174.856247]
[153.950089,182.468384]
[135.398422,174.874710]
[180.816925,216.122375]
[194.182388,165.407043]
[168.645462,116.428551]
[148.665482,175.249405]
[200.484619,133.928833]
[152.613525,236.878632]
[169.847122,102.470322]
[147.451340,115.288208]
[174.733154,219.539993]
[176.177002,179.062119]
[160.030930,216.524536]
[125.367126,122.545692]
[135.393082,174.852249]
[142.958710,105.095665]
[199.186127,108.606750]
[160.029648,216.523071]
[165.011063,139.425049]
[-1.000000,-1.000000]
[160.420105,55.584869]
[194.177322,165.395187]
[185.900528,177.374481]
[124.746658,129.049377]
[174.910355,64.184410]
[133.345367,68.819061]
[94.542976,216.639191]
[136.445862,151.480743]
[146.077103,114.821671]
[167.229996,87.864494]
[149.085068,190.033401]
[133.519867,148.401459]
[94.540619,216.645813]
[117.362602,195.060043]
[161.538330,67.486893]
[124.752419,129.046173]
[133.345215,68.824188]
[174.492630,179.514435]
[161.552460,67.483963]
[141.951904,230.131973]
[194.183350,165.402206]
[116.993477,129.740845]
[147.583511,223.583328]
[127.237602,150.952942]
[171.315048,163.853729]
[176.179459,179.052856]
[131.896881,198.420502]
[160.256256,67.486839]
[96.519661,234.386292]
[189.864548,175.000885]
[-1.000000,-1.000000]
[117.023972,118.575279]
[133.339905,68.830322]
[96.515869,234.379196]
[177.731689,62.647446]
[134.943588,174.698608]
[94.077927,121.370125]
[164.419952,104.691551]
[131.019196,80.443642]
[136.072601,161.904510]
[-1.000000,-1.000000]
[113.132149,193.525223]
[176.596481,193.243179]
[127.073082,149.461243]
[155.253830,176.326294]
[133.348434,68.831245]
[-1.000000,-1.000000]
[151.595352,122.844292]
[189.218033,65.783043]
[118.765831,190.583725]
[95.929642,100.496941]
[147.454529,115.302361]
[94.541916,216.638916]
[108.850700,202.775284]
[160.815292,215.999939]
[176.592743,193.247635]
[177.620361,210.364197]
[104.729942,205.926651]
[72.450058,89.894852]
[128.158234,225.112656]
[199.162262,108.614494]
[176.591919,193.249756]
[194.187149,165.411072]
[-1.000000,-1.000000]
[194.176163,165.394821]
[194.181885,165.402496]
[-1.000000,-1.000000]
[107.955307,198.685272]
[74.719223,103.052055]
[161.537643,67.482796]
[149.527206,228.552826]
[110.725967,192.779648]
[123.170387,152.645111]
[165.505630,180.253143]
[180.900116,85.332962]
[172.376892,74.317719]
[199.529846,98.042603]
[131.626266,56.207069]
[173.683334,169.091797]
[190.878601,178.695007]
[94.541481,216.642838]
[131.841675,201.930069]
[149.038086,92.178032]
[155.679565,173.148361]
[105.572937,204.610107]
[176.043243,70.111038]
[-1.000000,-1.000000]
[-1.000000,-1.000000]
[-1.000000,-1.000000]
[-1.000000,-1.000000]
[-1.000000,-1.000000]
[162.010605,112.709496]
[94.538597,216.638809]
[-1.000000,-1.000000]
[-1.000000,-1.000000]
[124.182961,190.502457]
[160.809586,215.996490]
[-1.000000,-1.000000]
[181.264343,169.244598]
[176.345001,192.647079]
[-1.000000,-1.000000]
[72.455803,89.893387]
[163.526276,152.279846]
[-1.000000,-1.000000]
[133.335800,68.833504]
[175.380203,162.474792]
[157.754349,160.960297]
[157.422379,128.094727]
[139.825287,162.293137]
[-1.000000,-1.000000]
[94.542007,216.639633]
[-1.000000,-1.000000]
[129.528549,192.985977]
[169.247421,91.375908]
[-1.000000,-1.000000]
[122.635742,122.984001]
[-1.000000,-1.000000]
[198.256973,73.509148]
[-1.000000,-1.000000]
[-1.000000,-1.000000]
[194.177887,165.407166]
[-1.000000,-1.000000]
[169.189087,157.427612]
[-1.000000,-1.000000]
[88.753998,223.923752]
[-1.000000,-1.000000]
[165.776169,135.103363]
[-1.000000,-1.000000]
[-1.000000,-1.000000]
[144.406281,207.782745]
[188.871811,62.468166]
[169.762085,47.710835]
[205.527023,126.207932]
[96.513596,234.389511]
[-1.000000,-1.000000]
[-1.000000,-1.000000]
[-1.000000,-1.000000]
[96.083008,100.545998]
[-1.000000,-1.000000]
[137.201263,156.976669]
[-1.000000,-1.000000]
[192.660950,67.643646]
[-1.000000,-1.000000]
[-1.000000,-1.000000]
[126.977531,142.575867]
[-1.000000,-1.000000]
[-1.000000,-1.000000]
[166.281265,124.810974]
[-1.000000,-1.000000]
[97.837914,204.838928]
[-1.000000,-1.000000]
[124.529968,124.598618]
[192.173477,69.649834]
[135.397400,174.870667]
[89.352882,108.070526]
