[191.695724,112.595901]
[178.832184,109.338913]
[142.078781,110.337158]
[92.440201,102.331085]
[178.830902,109.343452]
[181.256012,109.975548]
[126.034363,108.502769]
[147.855698,147.488678]
[186.402771,99.127785]
[177.077988,67.868820]
[151.149139,107.203308]
[153.659393,167.790512]
[199.884399,82.225334]
[83.829247,108.110657]
[180.877823,109.604195]
[132.355072,179.830658]
[165.854813,106.088570]
[126.193802,108.800537]
[106.441154,134.928253]
[83.827629,108.110413]
[122.424034,54.493713]
[180.635056,109.555611]
[140.547150,110.347824]
[126.033089,108.506012]
[142.114777,110.399117]
[142.055283,110.373917]
[122.428131,54.509769]
[150.955566,48.484993]
[153.122955,48.817715]
[199.890228,82.246056]
[186.733139,97.849754]
[153.503922,167.762115]
[147.658615,148.504120]
[199.090378,101.869011]
[160.166214,157.226074]
[172.400070,94.796280]
[165.847504,106.099342]
[199.883484,82.225136]
[108.871521,119.188095]
[142.864655,185.062103]
[153.328644,80.406914]
[160.778091,105.929016]
[117.592834,133.432648]
[199.875839,82.247711]
[165.862946,106.086891]
[186.410751,99.143257]
[174.260208,87.730820]
[125.278610,108.936707]
[124.040436,110.257576]
[126.242767,108.795212]
[126.034363,108.502769]
[177.088196,67.859146]
[172.681824,185.282806]
[122.426399,54.513668]
[152.831909,80.288162]
[183.981262,81.661453]
[132.357452,179.833084]
[180.756531,89.780182]
[132.360138,179.834671]
[141.839737,150.214813]
[160.169342,157.221664]
[177.087769,67.880058]
[117.593483,133.427765]
[152.775146,80.283798]
[177.080658,67.868759]
[132.822174,179.916443]
[83.827942,108.111870]
[121.332748,128.073471]
[117.588150,133.431152]
[152.817276,80.288307]
[125.528618,137.412567]
[132.950012,180.033768]
[153.118271,48.802441]
[126.549934,108.813812]
[96.892326,234.354492]
[147.665421,148.497437]
[125.438530,137.184219]
[180.783981,109.572914]
[153.469284,167.689484]
[160.168381,157.220596]
[117.587234,133.431519]
[122.427254,54.509827]
[126.550941,108.809784]
[126.039215,108.497787]
[199.878891,82.243210]
[92.441734,102.331902]
[177.081512,67.866089]
[153.400345,167.660141]
[153.126602,48.800583]
[117.590096,133.431641]
[178.077957,108.880020]
[151.148132,107.201111]
[153.329361,80.410431]
[164.286835,106.129707]
[160.315247,204.790054]
[161.950378,81.333565]
[140.553650,110.345772]
[176.345978,66.891846]
[160.268967,217.476822]
[185.773697,101.186386]
[125.188560,171.490402]
[177.085358,67.880539]
[126.552132,108.810165]
[199.882797,82.226776]
[117.592628,133.432159]
[134.776154,53.690746]
[153.122711,48.817509]
[187.662949,103.251358]
[132.950409,180.035751]
[153.119415,48.805126]
[175.608673,95.952919]
[108.939026,119.314972]
[155.162384,35.354507]
[173.394165,184.763992]
[122.427818,54.506084]
[153.123779,48.816479]
[160.297195,217.454285]
[125.329041,136.931931]
[181.030167,95.378868]
[100.993340,120.899940]
[125.375694,136.913116]
[147.671173,148.500473]
[152.788559,80.286850]
[144.058258,192.043777]
[170.744049,78.490593]
[140.558990,110.347595]
[188.245270,77.801407]
[138.216339,195.117477]
[126.551918,108.814644]
[142.027786,110.385056]
[136.198700,83.276398]
[132.952820,180.039185]
[158.711700,192.147568]
[201.467712,92.440811]
[147.596390,186.517532]
[162.878403,186.806442]
[195.998489,115.187584]
[145.577103,99.231911]
[141.498917,65.116043]
[117.589539,133.432434]
[142.254883,154.388016]
[83.827316,108.109077]
[153.459656,167.683350]
[130.836121,124.161392]
[125.540726,137.432953]
[146.162399,153.239487]
[160.945541,217.161819]
[120.921165,67.087509]
[96.893463,234.346466]
[178.830353,109.338295]
[186.452164,99.098915]
[136.097473,80.410767]
[145.282791,157.231781]
[135.187469,86.558220]
[143.086487,70.895065]
[120.916702,67.089722]
[171.541367,214.478363]
[144.805099,209.505432]
[129.401352,66.548447]
[151.148743,107.200134]
[106.405540,134.898834]
[147.883301,199.697418]
[126.263168,108.794563]
[160.365646,85.030098]
[153.645218,167.786682]
[153.406815,167.624786]
[112.612190,120.462761]
[108.861282,119.198898]
[144.803406,209.498703]
[160.853012,198.993942]
[66.924362,87.686523]
[90.885361,121.911125]
[153.329453,80.404556]
[186.463181,99.233711]
[165.847351,106.095329]
[199.876526,82.248878]
[160.166626,157.226364]
[153.653870,167.789490]
[152.011902,48.387470]
[125.280579,108.938408]
[155.957306,61.835587]
[106.405540,134.898834]
[117.588417,133.429428]
[159.975388,62.472916]
[125.745079,65.369537]
[192.853973,106.785461]
[137.569153,99.484222]
[92.452209,102.336090]
[144.782059,209.995605]
[162.696625,106.137260]
[179.325241,80.709366]
[122.431267,54.516804]
[192.623581,109.864090]
[125.380447,137.032623]
[152.782562,80.286270]
[137.627182,102.750671]
[125.669945,39.754517]
[107.666237,123.993843]
[144.800751,209.498856]
[125.501328,137.190018]
[137.630402,148.827515]
[141.477325,65.780365]
[125.577042,137.453308]
[169.258606,82.220581]
[84.195610,106.230011]
[141.429718,167.569244]
[110.187729,121.186272]
[170.489029,210.574203]
[151.149246,107.200989]
[93.322479,114.562714]
[172.814087,185.248489]
[161.757431,89.388245]
[126.205315,108.799393]
[174.463455,198.367203]
[139.094025,198.198181]
[176.296814,66.839027]
[194.540619,167.349884]
[138.596252,156.230881]
[174.462418,198.366318]
[90.735107,118.682808]
[167.104141,204.232498]
[153.658798,167.790268]
[181.600632,216.790253]
[92.463493,102.342751]
[186.414597,99.152969]
[174.461273,198.369904]
[135.879517,77.317261]
[153.009354,193.486649]
[120.930481,67.091301]
[161.058426,75.721359]
[160.411957,217.328049]
[112.702179,125.380745]
[117.589455,133.429260]
[137.427475,91.659439]
[144.802551,209.492706]
[153.123047,48.817719]
[125.450638,137.039658]
[153.613403,167.778168]
[196.417358,93.009270]
[143.965057,204.352798]
[147.487061,148.466797]
[144.374878,88.135742]
[181.111450,85.346741]
[160.775040,95.865021]
[166.901260,94.921272]
[152.671188,64.671936]
[139.101868,203.195847]
[120.914009,67.096741]
[171.626617,185.461090]
[126.551880,108.815987]
[201.279999,117.896141]
[142.272919,163.362625]
[143.584137,180.962204]
[173.660202,80.858559]
[117.591293,133.435303]
[66.883423,87.674194]
[135.159531,159.985123]
[199.879547,82.222862]
[160.247559,217.506546]
[160.126740,66.546524]
[79.521515,88.198837]
[177.092209,67.874710]
[120.931587,67.090729]
[94.874702,216.466782]
[159.731659,196.050980]
[144.780029,209.980713]
[135.177765,196.957809]
[83.908867,108.100288]
[174.463623,198.367844]
[153.456650,167.660294]
[83.829498,108.112556]
[66.882881,87.669914]
[66.880104,87.668114]
[136.537842,155.907730]
[160.168762,157.221542]
[125.282509,108.936203]
[177.083969,67.876114]
[143.078629,70.888031]
[132.677979,130.918869]
[174.550995,215.319382]
[148.853287,91.360619]
[143.074402,195.608215]
[148.026459,167.956879]
[142.271988,230.504318]
[122.427483,54.503555]
[92.447815,102.332901]
[195.852905,110.816277]
[141.764893,66.791939]
[117.586845,133.432907]
[173.390335,184.767410]
[-1.000000,-1.000000]
[144.792038,209.999863]
[92.438957,102.330452]
[179.831528,109.441589]
[92.460846,102.343056]
[171.629120,185.457108]
[153.661957,167.792526]
[102.689713,122.968048]
[178.830383,109.339905]
[162.892868,186.837616]
[142.271606,230.503983]
[165.582504,106.107750]
[174.462601,198.367569]
[66.889435,87.672646]
[127.338959,158.949036]
[157.082764,69.804062]
[167.352097,207.787399]
[138.841125,168.193237]
[153.327667,80.399689]
[134.250854,90.189178]
[117.593117,133.431976]
[152.008759,48.373383]
[157.393616,237.155045]
[152.010040,48.386810]
[144.782562,209.992172]
[142.272766,230.503174]
[143.138504,134.430313]
[197.205215,107.133553]
[132.874298,179.950546]
[145.817200,195.934357]
[122.432190,54.513813]
[162.961578,145.386017]
[150.945221,48.510536]
[122.423798,54.495544]
[132.948273,180.032257]
[151.841415,187.713333]
[132.952271,180.038498]
[180.699493,216.791962]
[194.544296,167.359711]
[165.110825,106.230896]
[147.357132,182.099152]
[198.939880,117.473419]
[152.843933,237.055695]
[165.918762,88.481743]
[142.025833,110.394295]
[174.720474,220.171951]
[173.391327,184.768936]
[160.239563,217.521179]
[118.903557,119.817497]
[132.945450,180.028732]
[136.450714,96.377823]
[199.892258,82.247177]
[160.239243,217.520218]
[161.250122,142.694519]
[-1.000000,-1.000000]
[150.168198,36.648598]
[194.542633,167.345779]
[184.138977,182.119202]
[117.594315,133.433624]
[164.627045,44.646126]
[122.431084,54.512844]
[94.875885,216.467285]
[132.723373,161.434784]
[140.566360,110.349861]
[161.907227,70.384430]
[148.553314,194.230957]
[130.183594,160.093536]
[94.874298,216.465988]
[117.310028,195.553040]
[152.009277,48.387196]
[117.588348,133.430359]
[122.429878,54.515137]
[171.629257,185.483521]
[152.020172,48.377655]
[142.272766,230.503174]
[194.545563,167.355347]
[106.406105,134.898163]
[148.365356,224.110443]
[124.432289,162.746384]
[166.789963,170.289795]
[173.393433,184.763245]
[132.113434,198.959946]
[150.949951,48.500168]
[96.897697,234.348022]
[188.152023,179.179916]
[-1.000000,-1.000000]
[108.827972,119.114059]
[122.433052,54.523651]
[96.893661,234.352341]
[167.893677,43.589973]
[132.361954,179.836884]
[91.239281,127.492554]
[159.476028,92.466469]
[120.914146,67.097389]
[131.803101,169.239792]
[-1.000000,-1.000000]
[115.349472,191.672577]
[174.461411,198.369827]
[123.638596,160.542816]
[152.626114,183.195404]
[122.431671,54.513699]
[-1.000000,-1.000000]
[144.197235,124.641335]
[183.900681,47.172482]
[118.405235,191.562195]
[92.432266,102.325676]
[142.026840,110.400642]
[94.875740,216.467453]
[109.036270,202.829086]
[160.946762,217.163574]
[174.462341,198.368607]
[177.569626,211.313293]
[105.035728,205.819778]
[66.921387,87.684761]
[128.450806,224.686920]
[199.877350,82.243607]
[174.462021,198.368958]
[194.545441,167.363022]
[-1.000000,-1.000000]
[194.542892,167.344482]
[194.544083,167.355591]
[-1.000000,-1.000000]
[108.243538,198.620392]
[68.790894,103.313347]
[152.006058,48.383568]
[150.178787,229.163773]
[113.444267,190.470642]
[120.060692,162.828445]
[162.873489,186.808182]
[177.119644,68.034653]
[165.801117,53.604763]
[200.786057,68.956619]
[119.690277,40.754406]
[169.974213,174.960419]
[189.144424,182.992813]
[94.874496,216.466965]
[132.096375,201.971939]
[141.732834,79.764160]
[152.600464,180.338120]
[105.840019,204.545670]
[168.496246,49.402126]
[-1.000000,-1.000000]
[-1.000000,-1.000000]
[-1.000000,-1.000000]
[-1.000000,-1.000000]
[-1.000000,-1.000000]
[157.200684,104.956291]
[94.874123,216.464722]
[-1.000000,-1.000000]
[-1.000000,-1.000000]
[123.658791,192.318237]
[160.940948,217.162277]
[-1.000000,-1.000000]
[179.140289,174.243561]
[173.950180,197.946411]
[-1.000000,-1.000000]
[66.927681,87.690712]
[160.167389,157.222549]
[-1.000000,-1.000000]
[122.429688,54.526581]
[170.909790,168.943039]
[153.423828,167.633575]
[149.896835,131.084259]
[135.503235,169.634521]
[-1.000000,-1.000000]
[94.876205,216.469223]
[-1.000000,-1.000000]
[129.430206,194.574936]
[165.257050,74.688354]
[-1.000000,-1.000000]
[116.124062,120.280273]
[-1.000000,-1.000000]
[197.098541,52.465782]
[-1.000000,-1.000000]
[-1.000000,-1.000000]
[194.542343,167.359543]
[-1.000000,-1.000000]
[166.978348,162.174057]
[-1.000000,-1.000000]
[89.110855,223.849152]
[-1.000000,-1.000000]
[159.990051,137.193497]
[-1.000000,-1.000000]
[-1.000000,-1.000000]
[144.785889,209.996719]
[182.651932,45.413437]
[156.258179,25.988628]
[207.822205,94.248573]
[96.892738,234.354965]
[-1.000000,-1.000000]
[-1.000000,-1.000000]
[-1.000000,-1.000000]
[92.458656,102.341621]
[-1.000000,-1.000000]
[133.332825,165.784622]
[-1.000000,-1.000000]
[188.492645,44.810951]
[-1.000000,-1.000000]
[-1.000000,-1.000000]
[120.525223,151.781372]
[-1.000000,-1.000000]
[-1.000000,-1.000000]
[162.542511,117.284286]
[-1.000000,-1.000000]
[98.055786,204.823517]
[-1.000000,-1.000000]
[118.295303,123.564934]
[190.992249,44.808205]
[132.950531,180.035019]
[83.827942,108.111870]
