[192.959610,120.716919]
[179.567825,114.785126]
[142.632874,112.252502]
[96.119095,105.165413]
[179.566086,114.789719]
[182.247208,116.175201]
[127.153534,108.541306]
[148.419632,144.526108]
[186.548523,110.108223]
[177.167892,74.787224]
[151.890594,109.430870]
[155.169022,163.888718]
[201.454407,94.859238]
[89.459122,113.158607]
[181.811996,115.678993]
[133.479797,177.156036]
[165.907700,109.577789]
[127.264450,108.684937]
[110.461388,131.495926]
[89.460571,113.160583]
[124.772362,60.506626]
[181.577896,115.504745]
[141.186584,111.900139]
[127.152573,108.542580]
[142.667648,112.309074]
[142.614594,112.273392]
[124.783157,60.521961]
[154.479828,58.237560]
[156.817780,58.687260]
[201.457520,94.881905]
[186.049255,110.867157]
[155.021637,163.846008]
[148.213394,145.529251]
[202.159149,112.106514]
[161.176224,154.189026]
[172.746506,100.948181]
[165.902451,109.585129]
[201.455826,94.855133]
[110.818130,117.627159]
[142.889343,182.473495]
[154.444839,87.456833]
[161.332336,109.022507]
[119.098091,129.469666]
[201.442734,94.874031]
[165.913681,109.573021]
[186.559586,110.119720]
[174.247772,95.455879]
[126.429115,108.747681]
[125.172180,109.825661]
[127.306099,108.684601]
[127.153534,108.541306]
[177.183456,74.775894]
[173.908951,181.516617]
[124.781006,60.524345]
[153.996826,87.410263]
[183.242081,89.835403]
[133.481903,177.157883]
[180.391586,98.379639]
[133.483917,177.159286]
[143.036606,147.223572]
[161.180023,154.185410]
[177.171890,74.804367]
[119.101692,129.463928]
[153.944000,87.408302]
[177.176163,74.789917]
[133.864304,177.201401]
[89.458176,113.160492]
[123.019875,126.091553]
[119.093307,129.467560]
[153.982147,87.411667]
[127.210365,132.850540]
[134.000977,177.287476]
[156.812042,58.635578]
[127.617271,108.678932]
[96.507500,234.330170]
[148.217911,145.523865]
[127.000587,131.938873]
[181.715881,115.586189]
[154.973007,163.787552]
[161.178757,154.184616]
[119.091431,129.468109]
[124.776428,60.517639]
[127.618439,108.677536]
[127.157173,108.538017]
[201.446426,94.868813]
[96.183868,105.189728]
[177.169556,74.792427]
[154.875565,163.768127]
[156.818100,58.644688]
[119.094398,129.468185]
[178.630646,114.388023]
[151.888382,109.426514]
[154.445007,87.459564]
[164.525467,109.402969]
[160.568024,203.560089]
[162.432571,88.373230]
[141.191818,111.898262]
[176.342636,73.785934]
[160.089279,216.665619]
[186.401260,111.232918]
[126.524704,168.386627]
[177.164032,74.803162]
[127.620003,108.677208]
[201.451324,94.863396]
[119.096672,129.468002]
[137.385971,60.539852]
[156.809799,58.702290]
[188.372528,112.946266]
[134.001907,177.289337]
[156.813843,58.638752]
[175.266159,105.126747]
[110.852783,117.747574]
[159.903671,45.225037]
[174.531998,181.075333]
[124.777481,60.515369]
[156.817078,58.693783]
[160.120255,216.628265]
[126.879745,131.712006]
[180.363800,105.350471]
[99.100441,116.670166]
[126.915466,131.691269]
[148.224609,145.524963]
[153.957275,87.411095]
[143.878464,189.761475]
[170.282242,85.669449]
[141.197876,111.900772]
[186.341202,91.930634]
[138.208527,193.817093]
[127.618553,108.679787]
[142.592529,112.277199]
[137.609650,88.812164]
[134.004669,177.292587]
[159.730179,188.893402]
[205.652908,101.904594]
[147.587250,184.295837]
[164.011383,183.159576]
[197.981384,122.346291]
[146.547546,102.815430]
[143.798035,72.473221]
[119.092041,129.468872]
[143.444382,150.844330]
[89.458908,113.158615]
[154.961197,163.782776]
[133.106079,121.151878]
[127.241394,132.980759]
[147.192337,149.786133]
[160.798157,216.257401]
[123.065239,72.868958]
[96.508385,234.320175]
[179.566864,114.784225]
[186.587082,110.127052]
[137.632324,86.101616]
[146.448502,153.401321]
[136.531036,91.600449]
[145.030640,78.063385]
[123.061501,72.872192]
[171.465485,213.607498]
[144.351410,208.372681]
[131.562042,72.442505]
[151.889496,109.426491]
[110.601860,131.576202]
[147.526718,198.246521]
[127.323822,108.685104]
[161.028137,91.631119]
[155.153366,163.885269]
[154.881271,163.737717]
[114.820930,118.626717]
[110.810059,117.642075]
[144.349899,208.366455]
[161.853546,196.290451]
[71.218987,95.228500]
[91.713692,121.358521]
[154.445786,87.453705]
[186.679260,110.122330]
[165.902344,109.582047]
[201.436813,94.886406]
[161.176239,154.188278]
[155.164505,163.888992]
[155.665375,58.228462]
[126.430702,108.747925]
[158.567749,71.545296]
[110.601860,131.576202]
[119.094025,129.465698]
[162.021393,72.151833]
[127.902878,71.190056]
[193.872360,116.901680]
[138.485107,102.684952]
[96.232796,105.209198]
[144.331116,208.839874]
[163.178787,109.390694]
[178.708755,88.694817]
[124.787254,60.526417]
[193.640640,118.973404]
[126.919128,131.810913]
[153.949539,87.409431]
[138.490875,105.860947]
[128.350403,46.290520]
[110.059875,122.217903]
[144.348419,208.367264]
[127.046234,131.933899]
[138.922394,146.251892]
[143.763550,73.040413]
[127.279434,133.076309]
[169.077972,88.942413]
[89.543709,111.183723]
[142.638397,163.617432]
[111.917778,119.531258]
[170.482285,209.547348]
[151.889374,109.426788]
[97.292374,116.837463]
[174.056335,181.495926]
[162.554810,95.199287]
[127.274353,108.685501]
[175.424652,195.475754]
[138.909668,197.168381]
[176.284531,73.763489]
[193.904602,165.187302]
[140.001160,152.417389]
[175.422714,195.474136]
[95.290993,121.268700]
[167.475128,202.821625]
[155.170135,163.889404]
[181.687439,216.097656]
[96.266243,105.226913]
[186.568985,110.110809]
[175.420990,195.477661]
[137.616241,83.169579]
[153.468643,191.106171]
[123.072739,72.874130]
[161.665054,83.761719]
[160.250137,216.456726]
[114.875587,122.683029]
[119.095238,129.465469]
[138.637390,96.518051]
[144.348618,208.360352]
[156.809387,58.702305]
[127.002266,131.748138]
[155.122101,163.872559]
[198.931274,102.733307]
[143.565720,203.349350]
[148.008423,145.509262]
[145.324142,94.304970]
[180.608673,93.541428]
[161.478424,100.551651]
[167.223846,99.815773]
[155.433731,73.202194]
[138.828125,202.683029]
[123.058937,72.879532]
[172.835419,181.685669]
[127.618156,108.680214]
[202.498871,124.529778]
[143.629837,159.359879]
[143.706329,177.255051]
[173.544296,87.379478]
[119.095299,129.470840]
[71.153709,95.197685]
[136.448090,155.931274]
[201.450775,94.863777]
[160.067871,216.717133]
[161.921204,75.284485]
[84.151085,94.139297]
[177.175781,74.799957]
[123.073700,72.874519]
[94.532623,216.625275]
[160.837128,192.938049]
[144.328705,208.822937]
[135.132828,196.100113]
[89.496193,113.131210]
[175.423691,195.475464]
[154.954117,163.765793]
[89.464607,113.163033]
[71.159866,95.197884]
[71.156815,95.195969]
[138.088348,152.190598]
[161.178711,154.185150]
[126.433678,108.746765]
[177.169937,74.801285]
[145.022903,78.049606]
[135.604858,127.124161]
[174.462250,214.652573]
[149.764160,97.144089]
[142.894989,193.593750]
[149.702713,163.953949]
[142.040039,230.152802]
[124.776115,60.514133]
[96.150459,105.175591]
[197.364929,120.079399]
[144.032013,73.949173]
[119.090637,129.470886]
[174.527115,181.080460]
[-1.000000,-1.000000]
[144.338104,208.840942]
[96.117638,105.164314]
[180.641342,115.111412]
[96.247002,105.219337]
[172.841156,181.679672]
[155.171921,163.890900]
[101.984299,118.969757]
[179.566223,114.786423]
[164.031219,183.181900]
[142.038330,230.153442]
[165.668625,109.548073]
[175.422821,195.476242]
[71.145935,95.193665]
[126.674950,151.265915]
[158.816833,78.198616]
[167.494232,206.565033]
[139.611847,164.096436]
[154.444839,87.450172]
[135.598328,94.977501]
[119.099297,129.468231]
[155.660416,58.216747]
[157.858414,236.853943]
[155.665619,58.227753]
[144.331329,208.835464]
[142.037933,230.150909]
[145.586960,130.061127]
[199.262360,117.156113]
[133.919769,177.219009]
[145.532593,193.870041]
[124.787086,60.526348]
[163.955078,142.717728]
[154.474182,58.245617]
[124.772278,60.507492]
[133.998138,177.277618]
[152.570114,185.079376]
[134.003189,177.292282]
[180.729645,216.162170]
[193.912125,165.196320]
[165.190826,109.577530]
[147.568985,178.461914]
[200.927307,123.691307]
[152.703827,236.824921]
[166.116394,94.512627]
[142.590103,112.287041]
[174.729813,219.611710]
[174.527145,181.089035]
[160.056976,216.737991]
[119.773476,120.684204]
[133.995895,177.274734]
[137.540710,100.478386]
[201.465332,94.873672]
[160.055817,216.736603]
[162.475601,140.262146]
[-1.000000,-1.000000]
[154.328506,46.267151]
[193.907349,165.184128]
[184.776413,178.546768]
[119.098648,129.469833]
[168.650681,54.580311]
[124.786545,60.523235]
[94.536316,216.623367]
[133.058655,155.904846]
[141.201538,111.905991]
[163.041794,79.115417]
[148.500183,192.123291]
[129.930695,153.339539]
[94.532547,216.625381]
[117.156761,195.411514]
[155.662994,58.227810]
[119.093307,129.467560]
[124.786469,60.525635]
[172.838699,181.710526]
[155.669128,58.224411]
[142.037933,230.150909]
[193.911850,165.192322]
[110.572189,131.582626]
[147.704315,223.624557]
[124.010826,156.105850]
[168.608582,166.232620]
[174.530426,181.075623]
[131.848297,198.640228]
[154.475342,58.244282]
[96.514244,234.319107]
[188.839859,175.764847]
[-1.000000,-1.000000]
[110.795967,117.588326]
[124.787445,60.533867]
[96.509727,234.321442]
[171.713226,53.051495]
[133.485138,177.161438]
[95.191711,127.528084]
[160.286057,97.519325]
[123.058235,72.879990]
[132.554382,164.854813]
[-1.000000,-1.000000]
[114.368919,192.384766]
[175.420456,195.476624]
[123.601219,154.437607]
[153.635727,179.424423]
[124.788254,60.524723]
[-1.000000,-1.000000]
[146.218735,122.232162]
[183.573868,55.472279]
[118.391891,191.175110]
[96.095558,105.157433]
[142.590942,112.292053]
[94.534821,216.623672]
[108.756889,202.879318]
[160.798996,216.259079]
[175.423401,195.476105]
[177.541611,210.672989]
[104.703148,205.941208]
[71.214218,95.226913]
[128.210938,225.112366]
[201.440735,94.878181]
[175.422012,195.477264]
[193.913773,165.200195]
[-1.000000,-1.000000]
[193.908005,165.183548]
[193.910294,165.191605]
[-1.000000,-1.000000]
[107.913345,198.727264]
[73.303009,109.233864]
[155.661575,58.222034]
[149.728500,228.633698]
[111.996460,191.628052]
[120.163513,157.256592]
[164.006561,183.160629]
[177.196579,74.933487]
[167.914398,64.164352]
[197.662079,81.291428]
[122.384224,47.371044]
[171.395401,171.210648]
[189.850952,179.556976]
[94.534256,216.622971]
[131.800461,201.919846]
[143.264481,86.104019]
[153.715637,176.496475]
[105.567337,204.601395]
[170.871872,59.926697]
[-1.000000,-1.000000]
[-1.000000,-1.000000]
[-1.000000,-1.000000]
[-1.000000,-1.000000]
[-1.000000,-1.000000]
[157.844681,107.285149]
[94.532249,216.623550]
[-1.000000,-1.000000]
[-1.000000,-1.000000]
[123.799011,191.362152]
[160.793594,216.257324]
[-1.000000,-1.000000]
[179.804810,170.673874]
[175.029495,194.888870]
[-1.000000,-1.000000]
[71.211357,95.226685]
[161.177826,154.186035]
[-1.000000,-1.000000]
[124.783005,60.536369]
[172.732437,164.731415]
[154.903687,163.746216]
[152.610367,127.552078]
[136.455383,165.472900]
[-1.000000,-1.000000]
[94.535278,216.625504]
[-1.000000,-1.000000]
[129.371994,193.761292]
[165.415207,82.613266]
[-1.000000,-1.000000]
[116.688484,121.700691]
[-1.000000,-1.000000]
[194.597626,61.464226]
[-1.000000,-1.000000]
[-1.000000,-1.000000]
[193.908630,165.196487]
[-1.000000,-1.000000]
[167.351562,159.076141]
[-1.000000,-1.000000]
[88.760483,223.930252]
[-1.000000,-1.000000]
[162.836563,135.460251]
[-1.000000,-1.000000]
[-1.000000,-1.000000]
[144.334396,208.839981]
[183.365982,51.497063]
[162.710785,34.797638]
[206.622177,113.105759]
[96.507713,234.331848]
[-1.000000,-1.000000]
[-1.000000,-1.000000]
[-1.000000,-1.000000]
[96.237274,105.215225]
[-1.000000,-1.000000]
[133.914932,161.004074]
[-1.000000,-1.000000]
[188.405197,52.592152]
[-1.000000,-1.000000]
[-1.000000,-1.000000]
[121.967407,145.655502]
[-1.000000,-1.000000]
[-1.000000,-1.000000]
[162.656616,119.641647]
[-1.000000,-1.000000]
[97.772720,204.891342]
[-1.000000,-1.000000]
[118.818398,123.798920]
[189.638397,53.805515]
[134.001862,177.289139]
[89.458176,113.160492]
