[190.793945,112.879105]
[180.526047,108.182297]
[141.076752,111.484360]
[93.296021,100.136292]
[180.524292,108.185722]
[182.615219,109.856621]
[124.914513,110.842743]
[146.044540,147.663162]
[185.503342,104.480225]
[176.182785,68.446083]
[150.957321,107.639740]
[153.245560,167.587372]
[194.773972,87.513359]
[86.353554,106.773842]
[182.479904,109.309830]
[133.347748,179.178009]
[167.378983,103.085617]
[125.035637,109.624382]
[110.240852,134.265259]
[86.365105,106.774368]
[122.134254,54.679409]
[182.146164,109.170715]
[139.633331,111.320526]
[124.913559,110.851822]
[141.114624,111.587791]
[141.052399,111.528862]
[122.144318,54.710949]
[148.697128,49.631107]
[151.218414,50.075027]
[194.782516,87.519508]
[185.175613,105.012451]
[153.098053,167.552841]
[145.763779,148.750671]
[198.933075,105.460800]
[160.461517,157.793045]
[174.111359,95.624352]
[167.380661,103.088890]
[194.773880,87.509476]
[109.511589,123.300758]
[142.564331,184.841232]
[151.945206,80.741486]
[162.788910,102.255318]
[117.757187,134.899017]
[194.771027,87.522865]
[167.377869,103.085999]
[185.511795,104.481293]
[175.269485,89.381645]
[124.594170,117.403709]
[123.877510,122.347733]
[125.092773,109.229340]
[124.914513,110.842743]
[176.189728,68.452133]
[172.642151,184.833267]
[122.145828,54.725388]
[151.529373,80.719742]
[184.758865,84.186211]
[133.348160,179.178436]
[181.514404,92.697891]
[133.351242,179.181961]
[140.572540,151.215271]
[160.465820,157.789825]
[176.183624,68.484421]
[117.763298,134.897583]
[151.490417,80.719582]
[176.186874,68.464813]
[133.708145,179.300095]
[86.370300,106.783287]
[120.657967,131.259430]
[117.766747,134.912720]
[151.519058,80.726723]
[121.634193,135.636230]
[133.804718,179.404099]
[151.215912,50.026951]
[125.473640,107.714882]
[96.718010,234.463058]
[145.768524,148.749756]
[121.710495,134.992706]
[182.337784,109.188065]
[153.061661,167.499924]
[160.453140,157.787109]
[117.749596,134.901703]
[122.139679,54.704189]
[125.475502,107.714317]
[124.918098,110.819496]
[194.772247,87.519096]
[93.527359,100.313408]
[176.181519,68.467300]
[152.959076,167.480972]
[151.221176,50.032116]
[117.765480,134.901688]
[179.711517,107.768211]
[150.956238,107.644341]
[151.946884,80.741905]
[166.112000,102.646576]
[159.863052,204.750443]
[160.472260,81.419945]
[139.637360,111.317665]
[174.624146,66.814087]
[160.144867,217.139572]
[185.424179,105.416748]
[126.934135,172.979904]
[176.178894,68.470825]
[125.474640,107.713730]
[194.774368,87.517776]
[117.762573,134.907562]
[134.209076,55.260990]
[151.211853,50.095749]
[186.595596,107.057602]
[133.805389,179.405853]
[151.215103,50.023472]
[176.633270,99.231880]
[109.496124,123.409866]
[153.674606,36.143917]
[173.225540,184.480988]
[122.143112,54.700981]
[151.216064,50.084862]
[160.172928,217.101501]
[121.659668,134.671463]
[181.709213,99.312378]
[95.923119,112.658615]
[121.637733,134.458023]
[145.790497,148.754822]
[151.500076,80.722183]
[144.044037,191.815170]
[169.073135,79.012291]
[139.641205,111.318718]
[187.368393,86.549423]
[138.452454,194.475662]
[125.474182,107.715157]
[141.024597,111.538956]
[135.692291,84.347252]
[133.807861,179.408615]
[158.113831,192.115540]
[200.827240,93.805656]
[147.074860,186.923187]
[162.467957,186.692490]
[195.509659,114.544907]
[145.218430,100.045052]
[139.273224,65.444504]
[117.750473,134.903381]
[141.220200,154.607742]
[86.352608,106.776817]
[153.049850,167.495178]
[132.409973,118.381020]
[121.624641,135.712311]
[144.887146,153.330780]
[160.817825,216.733276]
[120.729057,67.328522]
[96.716728,234.461441]
[180.525192,108.179581]
[185.521194,104.487617]
[135.528442,81.193085]
[144.250015,156.779541]
[134.787628,87.533867]
[141.547272,71.056793]
[120.725235,67.330429]
[171.195923,214.391083]
[144.722290,209.306885]
[129.308304,67.020813]
[150.956406,107.636742]
[110.432236,134.368347]
[147.591736,199.318741]
[125.142349,108.868530]
[159.913315,84.961876]
[153.223633,167.580750]
[152.969467,167.454575]
[114.161179,127.932869]
[109.491768,123.307503]
[144.722290,209.302994]
[160.620132,199.264297]
[69.376289,84.600807]
[88.753571,116.082916]
[151.945908,80.739571]
[185.558487,104.477234]
[167.373306,103.093803]
[194.770874,87.531548]
[160.451767,157.788742]
[153.242142,167.587692]
[149.950714,49.573551]
[124.594879,117.371216]
[153.972290,63.822609]
[110.432236,134.368347]
[117.760590,134.903107]
[157.395096,64.990273]
[125.580124,65.610901]
[191.391022,110.240288]
[136.765289,100.765701]
[93.603943,100.355904]
[144.702057,209.670853]
[164.963120,102.435356]
[179.507797,83.021011]
[122.148369,54.717392]
[191.230057,111.584358]
[121.675468,134.858276]
[151.494858,80.719658]
[136.691681,104.525124]
[125.474876,40.061188]
[108.223770,127.192734]
[144.722092,209.304291]
[121.731430,134.984909]
[137.483765,150.765411]
[139.316040,65.811111]
[121.605545,135.779541]
[168.647766,81.646645]
[86.603310,104.871925]
[140.625763,167.585129]
[110.196060,125.886490]
[170.113998,210.416687]
[150.956680,107.636482]
[93.682693,112.161781]
[172.736160,184.846954]
[162.857834,87.448341]
[125.052422,109.546028]
[174.255753,198.058701]
[139.101593,197.666077]
[174.492477,66.772583]
[194.014297,167.640976]
[138.347839,156.167526]
[174.247330,198.066376]
[90.832390,115.653069]
[166.665237,204.397034]
[153.246628,167.588043]
[181.774750,216.365112]
[93.701233,100.458122]
[185.510712,104.481934]
[174.253647,198.072403]
[135.284256,78.155899]
[152.327972,193.703857]
[120.729919,67.334320]
[158.523712,77.614822]
[160.303802,216.943771]
[113.641258,130.474854]
[117.760811,134.903351]
[136.847931,92.315376]
[144.722473,209.297806]
[151.210175,50.092434]
[121.663620,134.494705]
[153.195541,167.573120]
[195.101486,95.348297]
[143.811691,204.195831]
[145.560486,148.733871]
[143.432281,89.690849]
[181.770920,87.863258]
[162.509811,93.704010]
[168.612183,93.546547]
[150.746063,64.961029]
[139.071289,203.150635]
[120.722412,67.332657]
[171.569550,184.970062]
[125.474297,107.714966]
[200.167221,116.965019]
[141.263184,162.968964]
[142.947754,180.560287]
[173.490723,80.921295]
[117.749237,134.896332]
[69.349838,84.567528]
[135.265915,159.932022]
[194.773895,87.517525]
[160.129486,217.180908]
[157.621048,67.900925]
[82.135551,85.615387]
[176.187531,68.480095]
[120.735023,67.338394]
[94.668709,216.434265]
[159.386307,196.131012]
[144.698318,209.655655]
[135.364868,196.219131]
[86.393845,106.750671]
[174.250626,198.065491]
[153.045166,167.478058]
[86.400986,106.817123]
[69.354790,84.568375]
[69.323944,84.543770]
[137.197495,156.279526]
[160.463943,157.790314]
[124.599625,117.448982]
[176.189468,68.484863]
[141.537964,71.043175]
[135.056778,124.276375]
[174.196167,215.197678]
[148.419540,91.604164]
[143.124573,195.151413]
[147.800598,167.519333]
[142.653320,230.490311]
[122.135712,54.702747]
[93.351906,100.163475]
[194.404251,112.736259]
[139.694260,66.734352]
[117.766014,134.918121]
[173.220367,184.485886]
[-1.000000,-1.000000]
[144.708588,209.670776]
[93.294571,100.133186]
[181.482529,108.558281]
[93.615471,100.371414]
[171.587540,184.956833]
[153.247482,167.590668]
[94.729866,112.173187]
[180.525085,108.182343]
[162.485077,186.707642]
[142.650665,230.492538]
[167.140518,103.054451]
[174.254913,198.060608]
[69.329163,84.546021]
[127.206268,157.067398]
[155.036911,70.853790]
[166.987198,207.613052]
[138.957947,168.434525]
[151.943680,80.737907]
[133.924225,91.315086]
[117.765640,134.917755]
[149.944717,49.555492]
[158.342072,237.385040]
[149.950562,49.574028]
[144.702301,209.666153]
[142.657471,230.490829]
[144.457275,128.532593]
[196.092819,110.384659]
[133.748337,179.330582]
[145.541168,195.614380]
[122.153244,54.708435]
[163.677368,145.047302]
[148.692230,49.637711]
[122.134834,54.679188]
[133.802643,179.396255]
[151.197037,187.998840]
[133.807404,179.408829]
[180.795517,216.429810]
[194.029495,167.644196]
[166.737900,103.018135]
[146.678680,181.754303]
[198.719940,115.948730]
[153.218445,237.277390]
[166.666168,86.783173]
[141.018524,111.561012]
[174.808334,219.771057]
[173.219986,184.489532]
[160.119568,217.196365]
[117.637451,130.202972]
[133.800049,179.393890]
[135.852509,98.342369]
[194.782425,87.512894]
[160.118576,217.194260]
[162.861847,142.667450]
[-1.000000,-1.000000]
[147.670242,36.759201]
[194.021469,167.636292]
[184.115967,181.677811]
[117.764580,134.917175]
[162.954239,46.085510]
[122.147507,54.709808]
[94.671234,216.429443]
[132.223038,160.373993]
[139.645325,111.323982]
[159.218719,72.591614]
[147.939316,194.251709]
[129.776062,158.154831]
[94.670052,216.434662]
[118.407532,194.041458]
[149.948044,49.571606]
[117.766747,134.912720]
[122.148293,54.716927]
[171.578918,184.996460]
[149.961868,49.566742]
[142.657471,230.490829]
[194.029541,167.640289]
[110.379570,134.338745]
[148.275452,223.927338]
[124.244965,161.444504]
[167.469543,169.558868]
[173.222733,184.480606]
[132.098038,198.488464]
[148.691559,49.636276]
[96.723167,234.460571]
[188.189896,178.923782]
[-1.000000,-1.000000]
[109.501152,123.268021]
[122.142746,54.723633]
[96.718880,234.453659]
[165.789276,44.195324]
[133.353683,179.185165]
[89.360786,122.055458]
[160.368378,90.253815]
[120.722832,67.333603]
[133.555878,170.511719]
[-1.000000,-1.000000]
[115.903374,190.871964]
[174.252716,198.060852]
[123.728729,159.224030]
[151.791702,182.804672]
[122.152176,54.723557]
[-1.000000,-1.000000]
[146.007080,119.767914]
[184.372391,47.570042]
[119.871521,189.627579]
[93.282494,100.128731]
[141.023712,111.577682]
[94.671402,216.428925]
[108.754784,202.803085]
[160.818573,216.735565]
[174.249100,198.065933]
[177.388123,211.198593]
[104.749084,205.827118]
[69.362640,84.588524]
[128.867706,225.600784]
[194.771194,87.523956]
[174.248642,198.068329]
[194.034012,167.647751]
[-1.000000,-1.000000]
[194.020950,167.635239]
[194.028473,167.640732]
[-1.000000,-1.000000]
[107.532326,199.043793]
[72.086227,99.153053]
[149.946671,49.567333]
[150.148468,228.855408]
[113.385056,190.198975]
[120.389587,162.429367]
[162.463806,186.691467]
[176.212723,68.664406]
[161.831329,56.848248]
[193.500183,76.843719]
[119.437050,41.112907]
[169.802567,174.878342]
[189.260269,182.456161]
[94.670471,216.427704]
[132.048706,201.933258]
[140.648254,79.777267]
[151.767853,180.054749]
[105.569885,204.542389]
[164.856888,52.042191]
[-1.000000,-1.000000]
[-1.000000,-1.000000]
[-1.000000,-1.000000]
[-1.000000,-1.000000]
[-1.000000,-1.000000]
[158.374939,100.493019]
[94.667442,216.427963]
[-1.000000,-1.000000]
[-1.000000,-1.000000]
[124.605728,190.767899]
[160.805145,216.729904]
[-1.000000,-1.000000]
[179.017151,174.139816]
[173.915421,197.449768]
[-1.000000,-1.000000]
[69.371338,84.595123]
[160.452148,157.787964]
[-1.000000,-1.000000]
[122.138412,54.726547]
[171.647354,167.704102]
[153.002304,167.458923]
[151.804108,126.278984]
[136.587616,170.097488]
[-1.000000,-1.000000]
[94.671059,216.428146]
[-1.000000,-1.000000]
[129.864594,193.580460]
[162.083221,75.860092]
[-1.000000,-1.000000]
[115.178612,130.097198]
[-1.000000,-1.000000]
[194.592148,55.671570]
[-1.000000,-1.000000]
[-1.000000,-1.000000]
[194.022568,167.646393]
[-1.000000,-1.000000]
[166.214310,162.376144]
[-1.000000,-1.000000]
[88.895660,223.796005]
[-1.000000,-1.000000]
[163.982346,138.272202]
[-1.000000,-1.000000]
[-1.000000,-1.000000]
[144.704117,209.669678]
[183.511810,44.473801]
[156.345657,26.220669]
[202.950638,106.512436]
[96.716728,234.461502]
[-1.000000,-1.000000]
[-1.000000,-1.000000]
[-1.000000,-1.000000]
[93.627075,100.376984]
[-1.000000,-1.000000]
[133.617432,165.683685]
[-1.000000,-1.000000]
[189.844910,48.726501]
[-1.000000,-1.000000]
[-1.000000,-1.000000]
[122.916046,150.128616]
[-1.000000,-1.000000]
[-1.000000,-1.000000]
[164.308609,113.540962]
[-1.000000,-1.000000]
[97.899277,204.700424]
[-1.000000,-1.000000]
[117.144638,132.622528]
[189.169540,51.224976]
[133.805359,179.405762]
[86.370300,106.783287]
