[192.651505,131.142548]
[183.333984,123.514366]
[147.168060,115.575081]
[96.797165,100.847664]
[183.332275,123.515938]
[184.944931,125.666801]
[132.402008,111.403740]
[150.715912,142.089020]
[187.690811,122.787216]
[178.858032,85.890419]
[156.457779,113.119026]
[157.909439,161.268967]
[197.351562,111.796471]
[89.790749,107.972923]
[184.895432,125.120735]
[135.447708,174.437714]
[169.965012,115.648010]
[132.514282,110.656097]
[117.929672,129.328522]
[89.800774,107.971802]
[134.140930,68.338440]
[184.685547,124.835335]
[145.834900,115.287407]
[132.400635,111.408615]
[147.205200,115.631157]
[147.151230,115.596985]
[134.145599,68.364441]
[158.813873,67.756653]
[161.370682,68.484299]
[197.360123,111.804749]
[187.345337,123.145889]
[157.752258,161.217270]
[150.603287,143.084442]
[201.899994,126.379654]
[163.828003,152.732635]
[176.640610,111.436615]
[169.967484,115.651260]
[197.351913,111.791618]
[116.926079,120.268578]
[143.486359,180.280151]
[158.412506,94.400352]
[166.056503,114.244919]
[125.107315,129.414719]
[197.348358,111.807709]
[169.963730,115.648537]
[187.689819,122.803131]
[177.401108,105.984421]
[132.660187,115.945168]
[132.455826,119.753899]
[132.561172,110.501534]
[132.402008,111.403740]
[178.874115,85.883858]
[175.655792,179.352905]
[134.144592,68.366226]
[158.151917,94.352013]
[185.875397,103.158287]
[135.447540,174.438477]
[183.689774,110.570587]
[135.449097,174.442505]
[146.270691,144.690552]
[163.832138,152.729858]
[178.849243,85.947090]
[125.092812,129.408844]
[158.129044,94.356613]
[178.863663,85.910980]
[135.758926,174.489258]
[89.804085,107.977440]
[129.190063,126.530876]
[125.090988,129.416412]
[158.143661,94.355141]
[129.154358,130.202194]
[135.825424,174.578583]
[161.365845,68.452621]
[132.947388,109.636795]
[96.374451,234.416641]
[150.606140,143.083633]
[129.318756,129.585190]
[184.813019,124.924973]
[157.708328,161.165009]
[163.821091,152.729630]
[125.097565,129.416092]
[134.142410,68.359299]
[132.949371,109.636925]
[132.405746,111.392296]
[197.350052,111.803017]
[97.119576,101.044830]
[178.855560,85.918091]
[157.630219,161.128830]
[161.371765,68.456436]
[125.093742,129.411255]
[182.587250,123.029884]
[156.457230,113.123688]
[158.413422,94.401672]
[168.742767,114.941277]
[161.379547,202.098679]
[165.242111,96.898682]
[145.838989,115.286346]
[178.147873,83.729996]
[160.251373,216.233307]
[187.534103,123.505920]
[129.827179,165.735504]
[178.849609,85.922470]
[132.948456,109.629555]
[197.351685,111.801186]
[125.088882,129.414185]
[145.680664,69.376373]
[161.363953,68.494171]
[188.296310,125.674187]
[135.826065,174.580322]
[161.365463,68.450180]
[179.343918,114.726768]
[116.875168,120.308266]
[165.201263,55.603920]
[176.231033,178.922531]
[134.145309,68.356522]
[161.368652,68.485779]
[160.285797,216.186584]
[129.359238,129.363739]
[184.573883,116.499054]
[100.161194,112.104683]
[129.392761,129.151642]
[150.623581,143.092178]
[158.133530,94.355949]
[144.596863,187.619812]
[171.758087,95.983818]
[145.842682,115.286568]
[189.584503,107.482841]
[138.879028,191.855545]
[132.947968,109.623146]
[147.132324,115.599556]
[143.871078,94.971191]
[135.827255,174.582855]
[161.011597,186.018951]
[204.937195,117.115364]
[148.348602,182.230530]
[165.392639,180.294418]
[197.779083,132.609161]
[151.525558,107.416336]
[149.357132,79.574631]
[125.097542,129.416901]
[146.767792,147.570267]
[89.790413,107.976357]
[157.696945,161.162506]
[139.925781,119.031059]
[129.134537,130.278534]
[150.100342,146.861023]
[161.023621,215.757050]
[131.714447,80.237190]
[96.372322,234.425827]
[183.333954,123.512169]
[187.697815,122.813171]
[144.073273,92.372299]
[149.417755,149.861923]
[142.718140,97.600800]
[150.860184,84.505814]
[131.710999,80.239510]
[171.677628,212.814697]
[144.654266,207.181580]
[140.227448,80.056648]
[156.457611,113.116058]
[118.138741,129.429047]
[147.918900,196.248856]
[132.606781,110.365135]
[164.580322,99.617973]
[157.887146,161.260513]
[157.633286,161.109238]
[121.650841,123.566177]
[116.902466,120.268562]
[144.654694,207.177460]
[163.154434,193.924286]
[72.289017,89.872948]
[92.573471,115.411697]
[158.412994,94.399940]
[187.722641,122.845673]
[169.957764,115.653084]
[197.347748,111.817795]
[163.819778,152.731140]
[157.905701,161.268860]
[160.086533,67.867836]
[132.658051,115.919930]
[162.520584,81.004616]
[118.138741,129.429047]
[125.088112,129.411530]
[165.325775,82.229057]
[136.707184,78.649460]
[193.174042,129.359467]
[143.668915,107.531654]
[97.225433,101.093513]
[144.593903,207.554184]
[167.755295,114.555084]
[180.737717,101.446434]
[134.147141,68.360336]
[193.040695,130.245529]
[129.333710,129.518433]
[158.132446,94.357025]
[143.496902,110.270439]
[138.538605,54.687691]
[115.745728,123.412376]
[144.654160,207.178802]
[129.340729,129.579254]
[143.217422,144.172302]
[149.405807,79.881615]
[129.105820,130.346344]
[171.321930,98.267944]
[89.932899,106.090103]
[145.570541,160.563217]
[117.492989,122.080124]
[170.714584,208.546112]
[156.457794,113.115410]
[97.737648,112.038475]
[175.741928,179.376465]
[166.876205,101.967712]
[132.530640,110.601852]
[176.619949,193.147156]
[139.467621,195.614853]
[178.015869,83.679749]
[194.085815,165.554825]
[143.597870,148.680283]
[176.604111,193.163971]
[94.700409,114.942177]
[168.290985,201.300583]
[157.911133,161.269699]
[181.950760,215.950516]
[97.353943,101.225288]
[187.696442,122.794289]
[176.608368,193.172302]
[144.238342,89.663132]
[154.385956,188.933075]
[131.715668,80.242760]
[164.019974,93.320763]
[160.402557,215.995743]
[121.536827,125.861832]
[125.088074,129.411285]
[144.442337,101.496315]
[144.655609,207.170883]
[161.361816,68.491425]
[129.408020,129.183060]
[157.858719,161.246048]
[198.170578,117.916092]
[143.938782,202.302292]
[150.438202,143.028366]
[150.326996,100.444328]
[183.473526,106.506958]
[166.366791,106.976768]
[171.455490,107.959145]
[159.607498,81.651535]
[139.382019,202.192886]
[131.708130,80.240753]
[174.577515,179.424789]
[132.948212,109.637985]
[201.764267,134.585236]
[146.426270,155.828094]
[144.491043,173.823395]
[175.465302,98.121971]
[125.098854,129.412994]
[72.295029,89.871750]
[140.161728,152.245529]
[197.351532,111.800720]
[160.231781,216.284866]
[165.218567,84.224068]
[84.775360,88.935822]
[178.857468,85.935471]
[131.719711,80.247322]
[94.401833,216.716187]
[162.273468,190.245743]
[144.592087,207.541321]
[135.661163,194.493317]
[89.825958,107.940346]
[176.607452,193.162292]
[157.690140,161.145157]
[89.820862,107.997177]
[72.295227,89.869148]
[72.295296,89.878731]
[142.342087,148.609344]
[163.829926,152.730835]
[132.671448,115.980980]
[178.857834,85.943108]
[150.852203,84.492348]
[142.976929,123.857529]
[174.446762,214.371674]
[154.641876,102.454300]
[143.419571,191.495667]
[153.089615,160.805145]
[142.362030,230.239151]
[134.139648,68.357849]
[96.854904,100.865356]
[196.647415,131.456329]
[149.716385,80.730499]
[125.087990,129.419861]
[176.225677,178.927200]
[-1.000000,-1.000000]
[144.601303,207.555283]
[96.795570,100.845703]
[184.174225,124.131729]
[97.248985,101.116112]
[174.602158,179.408478]
[157.912109,161.273132]
[98.860603,111.899551]
[183.333389,123.514709]
[165.415619,180.309113]
[142.359009,230.241562]
[169.710510,115.580795]
[176.613495,193.155426]
[72.295822,89.878128]
[131.293060,146.673111]
[162.347260,86.356918]
[168.019547,205.369568]
[143.473038,161.296982]
[158.411865,94.398514]
[141.656693,100.517906]
[125.088188,129.419373]
[160.081299,67.849869]
[158.223907,237.402969]
[160.085678,67.867889]
[144.594666,207.551453]
[142.366028,230.240250]
[151.975632,127.365021]
[198.454086,129.863785]
[135.790466,174.515671]
[145.995728,191.855118]
[134.152008,68.362793]
[166.763580,142.066101]
[158.814926,67.755417]
[134.141418,68.338516]
[135.825867,174.570572]
[153.688980,182.648972]
[135.827423,174.583633]
[180.966171,216.060303]
[194.094131,165.562485]
[169.395493,115.481705]
[148.510437,175.203995]
[200.859222,133.684357]
[152.870529,237.221054]
[169.688416,101.968697]
[147.128845,115.609909]
[174.853546,219.484482]
[176.225708,178.929886]
[160.220779,216.304733]
[125.751625,125.665009]
[135.823914,174.568130]
[142.973770,105.274139]
[197.360321,111.795471]
[160.220673,216.302475]
[166.154480,139.745331]
[-1.000000,-1.000000]
[158.839783,55.590763]
[194.088486,165.552887]
[185.914948,177.341843]
[125.086914,129.419281]
[173.242142,64.911469]
[134.148224,68.363289]
[94.405190,216.711533]
[136.956146,151.972397]
[145.847626,115.291229]
[165.493210,88.683609]
[148.951859,190.094513]
[134.256531,148.475922]
[94.403244,216.717789]
[117.883041,194.344086]
[160.084290,67.865768]
[125.090988,129.416412]
[134.146942,68.359314]
[174.578049,179.459747]
[160.098282,67.863174]
[142.366028,230.240250]
[194.094162,165.558105]
[118.081894,129.403839]
[147.714172,223.613770]
[127.857651,151.398148]
[171.589722,163.802734]
[176.228134,178.922333]
[132.078857,197.988220]
[158.814331,67.754517]
[96.379631,234.415253]
[189.925964,175.002228]
[-1.000000,-1.000000]
[116.919258,120.253929]
[134.143158,68.364197]
[96.375275,234.408417]
[176.108231,63.181934]
[135.449341,174.446350]
[93.889565,120.569122]
[164.674866,104.092056]
[131.708771,80.242203]
[137.354965,163.222595]
[-1.000000,-1.000000]
[113.230019,193.347717]
[176.610291,193.156006]
[127.539307,149.068420]
[154.912842,176.251205]
[134.149323,68.364929]
[-1.000000,-1.000000]
[152.053009,121.778465]
[187.806091,66.412689]
[119.749664,189.244232]
[96.793449,100.848740]
[147.132706,115.619255]
[94.405106,216.711563]
[108.425667,203.126892]
[161.022995,215.761017]
[176.606735,193.163406]
[177.626083,210.528931]
[104.479866,206.103271]
[72.290634,89.875206]
[128.654526,225.896439]
[197.347900,111.808098]
[176.604889,193.167313]
[194.098251,165.565735]
[-1.000000,-1.000000]
[194.088028,165.552750]
[194.093903,165.558487]
[-1.000000,-1.000000]
[107.016792,199.539917]
[76.003845,101.798874]
[160.082230,67.861374]
[149.703445,228.517578]
[110.518585,192.866882]
[123.426666,152.510880]
[165.386993,180.292709]
[178.797272,86.265549]
[169.786270,75.588470]
[196.138992,100.719017]
[132.566162,55.745300]
[173.723190,169.124161]
[190.979614,178.592194]
[94.405380,216.706879]
[131.952744,201.869553]
[148.964798,91.829163]
[155.393600,173.082047]
[105.293121,204.803787]
[173.503540,71.337845]
[-1.000000,-1.000000]
[-1.000000,-1.000000]
[-1.000000,-1.000000]
[-1.000000,-1.000000]
[-1.000000,-1.000000]
[162.576782,111.659882]
[94.401573,216.707901]
[-1.000000,-1.000000]
[-1.000000,-1.000000]
[124.677460,189.599030]
[161.006302,215.752075]
[-1.000000,-1.000000]
[181.284668,169.243256]
[176.399689,192.538666]
[-1.000000,-1.000000]
[72.289612,89.874016]
[163.819305,152.730576]
[-1.000000,-1.000000]
[134.139160,68.366844]
[175.694870,162.137314]
[157.654388,161.116821]
[158.301834,127.091232]
[140.624802,162.841599]
[-1.000000,-1.000000]
[94.404510,216.710617]
[-1.000000,-1.000000]
[129.888351,192.332962]
[167.303040,92.157829]
[-1.000000,-1.000000]
[123.130989,125.546303]
[-1.000000,-1.000000]
[193.761108,73.793327]
[-1.000000,-1.000000]
[-1.000000,-1.000000]
[194.091568,165.561218]
[-1.000000,-1.000000]
[169.049316,157.538651]
[-1.000000,-1.000000]
[88.623863,223.985107]
[-1.000000,-1.000000]
[167.174164,135.678345]
[-1.000000,-1.000000]
[-1.000000,-1.000000]
[144.596283,207.553940]
[187.983276,62.563789]
[168.846680,48.457977]
[205.515823,128.158936]
[96.373123,234.415054]
[-1.000000,-1.000000]
[-1.000000,-1.000000]
[-1.000000,-1.000000]
[97.263367,101.122284]
[-1.000000,-1.000000]
[137.831787,157.652100]
[-1.000000,-1.000000]
[188.661804,70.541260]
[-1.000000,-1.000000]
[-1.000000,-1.000000]
[128.591431,141.273911]
[-1.000000,-1.000000]
[-1.000000,-1.000000]
[166.777618,123.723831]
[-1.000000,-1.000000]
[97.652641,204.940018]
[-1.000000,-1.000000]
[125.030479,127.647079]
[188.525940,71.333618]
[135.825073,174.580231]
[89.804085,107.977440]
