[190.999176,112.691154]
[179.342468,108.657387]
[141.669128,110.812614]
[89.890083,104.237907]
[179.340179,108.661644]
[181.774872,109.823639]
[125.731621,108.090309]
[146.570984,147.418594]
[185.346100,102.772072]
[176.528397,68.086609]
[151.056839,107.313484]
[153.468353,167.431549]
[195.983765,84.966812]
[83.392921,111.735085]
[181.451111,109.423813]
[132.797943,179.370407]
[166.461273,104.542961]
[125.828896,108.284744]
[108.491333,136.177933]
[83.393753,111.737061]
[124.287003,54.522324]
[181.223083,109.248131]
[140.279358,110.627258]
[125.730545,108.092201]
[141.697296,110.875320]
[141.649445,110.842140]
[124.298164,54.538788]
[150.527130,49.273148]
[152.763489,49.668835]
[195.991516,84.987839]
[184.863144,103.658531]
[153.328934,167.397888]
[146.351288,148.508591]
[198.707886,103.517738]
[160.108124,157.273010]
[173.013062,95.081696]
[166.461731,104.546638]
[195.984543,84.961807]
[108.555122,123.078369]
[142.589966,184.878922]
[152.728256,80.718002]
[161.518570,104.089012]
[116.733665,135.206635]
[195.975143,84.982544]
[166.459869,104.543121]
[185.353714,102.778954]
[174.566467,88.694542]
[125.017105,108.383141]
[123.701698,109.734322]
[125.875175,108.282654]
[125.731621,108.090309]
[176.537170,68.079430]
[172.625046,184.942337]
[124.295914,54.541210]
[152.343338,80.606544]
[183.751419,82.704643]
[132.799942,179.372421]
[180.477234,91.383774]
[132.802185,179.373978]
[140.774506,150.489517]
[160.113007,157.268890]
[176.533051,68.109039]
[116.736252,135.199646]
[152.296509,80.602119]
[176.535339,68.091858]
[133.187271,179.485489]
[83.391052,111.736328]
[119.706810,131.499069]
[116.729736,135.205017]
[152.331451,80.607224]
[122.387039,137.540985]
[133.331970,179.569992]
[152.756195,49.627068]
[126.250031,108.267433]
[96.754524,234.389481]
[146.354980,148.503159]
[122.298294,136.925766]
[181.370102,109.330299]
[153.293671,167.333435]
[160.111893,157.267715]
[116.728844,135.206100]
[124.291275,54.534252]
[126.251404,108.265465]
[125.735344,108.086304]
[195.977661,84.977440]
[89.962952,104.262672]
[176.530258,68.093689]
[153.184769,167.319717]
[152.761459,49.635845]
[116.730766,135.205276]
[178.484253,108.248985]
[151.054153,107.309937]
[152.728897,80.721031]
[165.111069,104.368988]
[159.944046,204.749115]
[161.261307,81.366432]
[140.283600,110.624786]
[175.550797,66.946182]
[160.090958,217.282516]
[185.250259,103.908562]
[125.966415,172.460556]
[176.526520,68.105698]
[126.253098,108.264893]
[195.981934,84.971123]
[116.732620,135.204803]
[135.950134,54.233685]
[152.758652,49.684097]
[186.900497,105.313705]
[133.332886,179.571716]
[152.757568,49.629807]
[175.375458,99.336578]
[108.565796,123.197365]
[155.154495,35.675842]
[173.234161,184.537445]
[124.292290,54.531898]
[152.763504,49.675301]
[160.118835,217.253220]
[122.236618,136.678085]
[180.240707,98.914452]
[92.992332,116.312309]
[122.273613,136.660828]
[146.361176,148.504227]
[152.308105,80.606819]
[143.903076,191.873795]
[169.906784,78.778008]
[140.288773,110.626518]
[186.543915,84.463783]
[138.196869,194.836487]
[126.251343,108.268692]
[141.626053,110.851494]
[136.681427,83.644569]
[133.335938,179.574661]
[158.368118,192.070831]
[200.538086,92.299461]
[147.214966,186.743408]
[162.575745,186.678421]
[195.552124,114.507561]
[145.536102,99.663963]
[141.062561,65.266655]
[116.728935,135.206528]
[141.402618,154.422562]
[83.392754,111.735115]
[153.281265,167.329346]
[131.441803,121.454460]
[122.401855,137.599213]
[145.340668,152.984756]
[160.753357,216.911423]
[122.554512,67.107147]
[96.755203,234.379883]
[179.341568,108.656670]
[185.372955,102.778152]
[136.588104,80.593788]
[144.598358,156.878906]
[135.750488,86.840317]
[143.037567,70.999931]
[122.550644,67.110809]
[171.266251,214.391525]
[144.641602,209.411835]
[131.033783,66.602776]
[151.055573,107.309151]
[108.667664,136.257172]
[147.578842,199.584625]
[125.895378,108.281792]
[160.156525,85.045593]
[153.454041,167.428482]
[153.194885,167.284531]
[112.752472,125.488052]
[108.545914,123.090927]
[144.640137,209.406296]
[160.656052,199.062653]
[65.953453,91.815529]
[85.647957,120.612076]
[152.728989,80.714699]
[185.436951,102.744606]
[166.456665,104.547356]
[195.970947,84.995285]
[160.108307,157.271942]
[153.463898,167.431839]
[151.633820,49.232231]
[125.019096,108.383110]
[155.279236,63.229614]
[108.667664,136.257172]
[116.730721,135.203461]
[158.822647,64.116165]
[127.419907,65.357407]
[191.775391,108.632690]
[137.559906,99.975693]
[90.014969,104.279671]
[144.630707,209.850662]
[163.630859,104.394951]
[178.992966,81.899712]
[124.302689,54.543598]
[191.583725,110.782082]
[122.249939,136.786102]
[152.301407,80.604218]
[137.502914,103.540047]
[127.834831,39.853027]
[107.391899,127.449692]
[144.638397,209.406738]
[122.350090,136.934753]
[137.132309,149.741287]
[141.081360,65.725304]
[122.417427,137.664001]
[168.940659,81.993706]
[83.512474,109.770309]
[140.785706,167.392929]
[109.383003,125.259743]
[170.222244,210.472717]
[151.055496,107.309776]
[91.219658,116.324738]
[172.737106,184.929977]
[162.256668,88.608437]
[125.839417,108.285690]
[174.278259,198.184616]
[138.918243,198.003525]
[175.493088,66.912994]
[194.266739,167.390930]
[138.195297,156.143723]
[174.276169,198.183380]
[88.724373,120.527115]
[166.716339,204.335159]
[153.469330,167.431946]
[181.666977,216.434875]
[90.040344,104.291962]
[185.360092,102.769173]
[174.274170,198.186615]
[136.453278,77.488800]
[152.540817,193.556931]
[122.561188,67.113037]
[159.776062,76.598442]
[160.245804,217.107925]
[112.420479,128.953857]
[116.731339,135.203064]
[137.745392,91.886253]
[144.639175,209.400726]
[152.758118,49.684250]
[122.341141,136.723633]
[153.425781,167.416992]
[194.917297,93.673439]
[143.755859,204.274231]
[146.184769,148.486679]
[144.279068,88.963615]
[180.954178,86.218880]
[161.449310,94.917923]
[167.612488,94.051140]
[152.174774,64.927628]
[138.923279,203.128448]
[122.548515,67.119255]
[171.520752,185.166397]
[126.250992,108.269424]
[200.487823,117.112404]
[141.603333,162.989410]
[143.163239,180.678665]
[173.545700,80.712914]
[116.731255,135.207626]
[65.860291,91.776123]
[134.980286,159.888412]
[195.981094,84.971489]
[160.073990,217.324524]
[159.047836,67.348221]
[77.974670,91.445877]
[176.535492,68.104370]
[122.562378,67.113800]
[94.724190,216.411133]
[159.489777,195.979095]
[144.628067,209.833099]
[135.131866,196.603287]
[83.438934,111.713341]
[174.277023,198.184601]
[153.274826,167.310760]
[83.418854,111.747871]
[65.868149,91.777290]
[65.864311,91.775894]
[136.615311,156.039032]
[160.111603,157.268356]
[125.022789,108.381508]
[176.531296,68.104858]
[143.029037,70.983963]
[133.174133,128.022400]
[174.302856,215.187744]
[148.785370,91.514221]
[142.930695,195.341217]
[147.825150,167.518387]
[142.440521,230.440781]
[124.290779,54.530525]
[89.923622,104.246292]
[194.753036,111.928276]
[141.440704,66.656845]
[116.727257,135.208130]
[173.228912,184.542297]
[-1.000000,-1.000000]
[144.638626,209.851379]
[89.889465,104.237175]
[180.368805,108.917389]
[90.018410,104.284622]
[171.529327,185.156403]
[153.470825,167.434601]
[95.596794,118.968643]
[179.340897,108.658279]
[162.590012,186.698578]
[142.439392,230.441620]
[166.228928,104.516899]
[174.276321,198.185349]
[65.851730,91.771576]
[126.486946,157.291550]
[156.239548,70.655975]
[167.038589,207.681412]
[138.524445,168.079224]
[152.727707,80.710312]
[134.794098,90.591171]
[116.734055,135.204346]
[151.629013,49.221043]
[158.217072,237.125244]
[151.633926,49.231918]
[144.630890,209.845917]
[142.437927,230.438461]
[142.815643,131.807968]
[196.430969,108.851036]
[133.243774,179.508453]
[145.540543,195.799057]
[124.302292,54.543404]
[163.203522,145.105972]
[150.521744,49.281239]
[124.287056,54.522907]
[133.328339,179.562012]
[151.419678,187.851883]
[133.334549,179.574158]
[180.707260,216.466614]
[194.273422,167.399673]
[165.725418,104.551010]
[146.905106,181.819473]
[198.664978,116.220093]
[153.150650,237.057861]
[166.251923,87.796494]
[141.623352,110.864304]
[174.725906,219.823502]
[173.229141,184.545319]
[160.064377,217.340591]
[116.991096,127.612846]
[133.326050,179.559341]
[136.619766,97.581322]
[195.997894,84.978676]
[160.063187,217.339584]
[161.691360,142.579727]
[-1.000000,-1.000000]
[149.619156,36.758186]
[194.269958,167.387543]
[184.062851,181.793503]
[116.734184,135.206299]
[164.464157,45.508217]
[124.301704,54.540005]
[94.727768,216.409256]
[131.788147,160.245499]
[140.291992,110.634491]
[160.583923,71.701424]
[148.133682,194.226852]
[129.356613,158.717575]
[94.723831,216.411591]
[117.640160,194.927811]
[151.631714,49.232029]
[116.729736,135.205017]
[124.301735,54.542904]
[171.523117,185.192368]
[151.637146,49.228035]
[142.437927,230.438461]
[194.273895,167.395554]
[108.631927,136.259796]
[148.270081,223.938095]
[123.868546,161.600037]
[167.213821,169.654526]
[173.231827,184.537720]
[131.957855,198.761063]
[150.522964,49.279285]
[96.761047,234.378983]
[188.138748,178.940247]
[-1.000000,-1.000000]
[108.543495,123.038689]
[124.296722,54.549103]
[96.756668,234.381119]
[167.575516,43.893753]
[132.803589,179.376175]
[88.347687,126.808228]
[159.767303,91.392090]
[122.547966,67.119774]
[132.265076,169.545151]
[-1.000000,-1.000000]
[115.683273,191.152191]
[174.273666,198.185669]
[123.324234,159.797668]
[152.153137,182.914993]
[124.304184,54.551075]
[-1.000000,-1.000000]
[145.208694,121.935387]
[183.276550,48.694317]
[119.015099,190.691544]
[89.869102,104.230453]
[141.624420,110.870499]
[94.726379,216.409378]
[108.856628,202.769287]
[160.753876,216.913116]
[174.277023,198.184998]
[177.469589,211.093918]
[104.818031,205.820755]
[65.947144,91.812592]
[128.580811,225.089020]
[195.973602,84.986328]
[174.275284,198.186356]
[194.274734,167.404022]
[-1.000000,-1.000000]
[194.270935,167.387466]
[194.272415,167.395096]
[-1.000000,-1.000000]
[107.914841,198.718307]
[67.621758,105.963966]
[151.630249,49.225773]
[150.163284,228.912277]
[113.186516,190.479370]
[120.198509,162.834793]
[162.570892,186.678101]
[176.563232,68.242935]
[164.255310,55.511791]
[195.627441,74.796234]
[121.790939,40.882378]
[169.788010,174.858780]
[189.160660,182.622467]
[94.725746,216.408936]
[131.945404,201.933289]
[141.792465,79.680405]
[152.098251,180.167572]
[105.646103,204.521179]
[167.308136,50.963795]
[-1.000000,-1.000000]
[-1.000000,-1.000000]
[-1.000000,-1.000000]
[-1.000000,-1.000000]
[-1.000000,-1.000000]
[157.564270,102.516129]
[94.723244,216.409393]
[-1.000000,-1.000000]
[-1.000000,-1.000000]
[124.058044,191.580109]
[160.749039,216.911575]
[-1.000000,-1.000000]
[179.092636,174.072769]
[173.814941,197.666321]
[-1.000000,-1.000000]
[65.943489,91.811440]
[160.110382,157.269104]
[-1.000000,-1.000000]
[124.292198,54.551582]
[171.379761,168.027878]
[153.219894,167.292252]
[150.187439,128.358032]
[135.730499,169.585678]
[-1.000000,-1.000000]
[94.726669,216.411209]
[-1.000000,-1.000000]
[129.537598,194.111038]
[163.720352,75.334991]
[-1.000000,-1.000000]
[114.312439,128.296936]
[-1.000000,-1.000000]
[195.344330,54.535217]
[-1.000000,-1.000000]
[-1.000000,-1.000000]
[194.270233,167.399857]
[-1.000000,-1.000000]
[166.564636,161.991089]
[-1.000000,-1.000000]
[88.946297,223.826996]
[-1.000000,-1.000000]
[162.225876,137.961578]
[-1.000000,-1.000000]
[-1.000000,-1.000000]
[144.634277,209.850845]
[182.820129,44.809631]
[157.152176,25.390959]
[203.148453,104.231842]
[96.754799,234.390732]
[-1.000000,-1.000000]
[-1.000000,-1.000000]
[-1.000000,-1.000000]
[90.017746,104.283943]
[-1.000000,-1.000000]
[132.994873,165.324814]
[-1.000000,-1.000000]
[189.246155,45.611824]
[-1.000000,-1.000000]
[-1.000000,-1.000000]
[122.428711,153.262756]
[-1.000000,-1.000000]
[-1.000000,-1.000000]
[163.240784,115.421127]
[-1.000000,-1.000000]
[97.849152,204.815323]
[-1.000000,-1.000000]
[115.904564,129.973358]
[190.529999,46.855751]
[133.333130,179.571487]
[83.391052,111.736328]
