[193.355362,130.127533]
[179.918228,123.976570]
[148.052658,114.498810]
[90.184402,99.427055]
[179.917923,123.979622]
[182.477921,124.728966]
[132.980164,111.223976]
[152.088211,142.261322]
[187.722061,116.253311]
[179.876007,84.385353]
[155.966965,112.963531]
[157.953552,161.335480]
[205.048050,104.221596]
[86.124954,107.744560]
[182.034653,124.496696]
[133.249847,176.535706]
[166.859360,119.332787]
[132.663147,94.010536]
[105.828217,125.407005]
[86.124756,107.745331]
[133.340439,68.708588]
[181.793625,124.437759]
[146.511917,114.200958]
[132.978607,111.226891]
[148.089127,114.568375]
[148.028519,114.534279]
[133.341492,68.712158]
[162.288025,67.000000]
[164.383011,67.363617]
[205.049835,104.240196]
[188.036469,115.189781]
[157.789642,161.302979]
[151.991226,143.106323]
[201.685745,121.155838]
[162.748215,151.680969]
[173.475723,108.921883]
[166.859268,119.333092]
[205.046860,104.223946]
[110.187805,111.425507]
[143.534592,180.503571]
[159.356567,94.699928]
[162.901077,118.590942]
[124.679626,127.968559]
[205.040070,104.239914]
[166.867599,119.332825]
[187.730148,116.265099]
[175.177826,103.587395]
[132.199982,111.544296]
[130.931519,112.656029]
[132.706177,94.009377]
[132.980164,111.223976]
[179.878296,84.382805]
[175.510498,179.553207]
[133.342743,68.724777]
[158.996216,94.580963]
[183.895676,98.831871]
[133.252167,176.538696]
[181.200638,106.304382]
[133.255768,176.539841]
[147.173874,143.729034]
[162.750290,151.677429]
[179.877930,84.384018]
[124.681458,127.957047]
[158.954361,94.549248]
[179.877472,84.383514]
[133.699768,176.517349]
[86.124405,107.745506]
[127.839828,113.377831]
[124.675682,127.960098]
[158.978714,94.575211]
[132.892822,135.445679]
[133.779022,176.646942]
[164.380356,67.349976]
[133.047592,93.983780]
[96.549423,234.290375]
[152.002213,143.102982]
[132.776703,135.394653]
[181.938614,124.465996]
[157.740829,161.237854]
[162.750320,151.677200]
[124.673935,127.962585]
[133.341003,68.711990]
[133.049866,93.989952]
[132.984528,111.220245]
[205.042404,104.242027]
[90.184593,99.427231]
[179.878586,84.381104]
[157.684586,161.203918]
[164.379501,67.350250]
[124.673317,127.961784]
[179.175888,123.467545]
[155.965744,112.961403]
[159.357162,94.703270]
[165.489517,119.271347]
[161.678909,201.886978]
[166.480133,96.994293]
[146.516785,114.201492]
[179.574066,83.496017]
[160.031937,216.655289]
[187.120850,117.986298]
[126.650894,162.451904]
[179.881226,84.383392]
[133.050446,93.990791]
[205.045761,104.223946]
[124.680054,127.967224]
[145.830017,67.903191]
[164.383118,67.363586]
[189.314209,120.543213]
[133.778992,176.649506]
[164.380676,67.352905]
[176.688736,110.453308]
[110.251907,111.517647]
[167.787796,54.782913]
[176.148438,179.074753]
[133.340881,68.709801]
[164.383240,67.363571]
[160.066086,216.620377]
[132.704102,135.267426]
[181.766403,111.234825]
[95.608147,110.696869]
[132.931595,135.164124]
[152.012009,143.106079]
[158.957962,94.559471]
[144.220963,187.815567]
[173.383514,94.761780]
[146.521530,114.205536]
[188.344971,94.977669]
[138.153656,193.197769]
[133.051636,93.993729]
[148.000671,114.562523]
[143.830200,93.976242]
[133.781006,176.655380]
[161.672104,185.739075]
[205.442245,113.679733]
[148.964783,181.488571]
[165.857407,180.218613]
[197.667313,132.674835]
[151.332886,106.771156]
[151.474991,80.279221]
[124.674973,127.961769]
[147.288239,147.484802]
[86.124725,107.745010]
[157.731339,161.231827]
[137.568939,125.121605]
[132.907135,135.453415]
[150.917572,146.862747]
[160.816986,216.250443]
[130.913223,80.190201]
[96.549698,234.288712]
[179.917908,123.976204]
[187.772064,116.250656]
[144.120071,91.464569]
[150.006470,150.486908]
[142.533325,96.361633]
[151.819550,85.356949]
[130.908783,80.191360]
[171.959839,212.714493]
[144.432877,207.470139]
[139.371490,79.608421]
[155.966293,112.960739]
[105.846092,125.413734]
[148.001343,197.098495]
[132.723984,94.010216]
[164.411209,99.765274]
[157.938324,161.330444]
[157.688507,161.166428]
[117.801331,111.828156]
[110.172615,111.420639]
[144.428619,207.454071]
[163.406250,193.061722]
[71.554916,91.301292]
[92.449348,119.309639]
[159.357468,94.698204]
[187.788528,116.344994]
[166.856781,119.335152]
[205.041687,104.241333]
[162.747635,151.681152]
[157.948486,161.334229]
[163.359100,66.877502]
[132.201401,111.544815]
[165.291336,79.114014]
[105.846092,125.413734]
[124.672974,127.963020]
[168.961609,79.715523]
[135.867249,78.532852]
[194.927292,124.792458]
[144.104279,106.247154]
[90.187607,99.429184]
[144.361328,207.955215]
[164.341827,119.071396]
[180.004135,97.419495]
[133.344391,68.716919]
[194.413773,127.724541]
[132.703156,135.327942]
[158.953049,94.558945]
[144.030182,108.700951]
[137.592972,55.107662]
[111.810081,118.739754]
[144.426025,207.455154]
[133.078033,135.328156]
[142.377747,141.597656]
[151.383865,80.907196]
[133.023117,135.450531]
[171.465088,98.555878]
[87.058365,106.338470]
[146.273071,160.356155]
[116.595314,115.978806]
[170.998993,208.534653]
[155.966492,112.961723]
[90.815674,110.365562]
[175.644135,179.515900]
[164.789276,104.099983]
[132.672623,94.009407]
[176.610962,193.380035]
[139.098267,196.780426]
[179.549713,83.440247]
[194.366806,164.912354]
[143.159775,148.821457]
[176.611374,193.381058]
[91.893517,116.928612]
[168.646973,200.569366]
[157.953583,161.335541]
[181.594284,216.309830]
[90.182953,99.429138]
[187.734161,116.272987]
[176.608597,193.386078]
[144.357697,88.664413]
[155.305038,188.384842]
[130.920334,80.193756]
[167.307968,91.320587]
[160.195999,216.446915]
[119.421936,119.072090]
[124.677864,127.955154]
[144.441727,100.881187]
[144.429871,207.455124]
[164.383408,67.364891]
[133.074829,135.222610]
[157.904892,161.320465]
[199.378754,113.670143]
[143.840820,202.525726]
[151.790375,143.075775]
[150.724045,99.228065]
[181.075394,102.611382]
[163.434540,109.145584]
[168.442368,108.556137]
[161.916656,81.670898]
[139.128067,202.300781]
[130.906738,80.196472]
[174.451462,179.659607]
[133.051544,93.994293]
[202.367615,135.005859]
[147.193832,156.261932]
[144.882660,174.396255]
[175.203171,97.237679]
[124.676247,127.971977]
[71.532959,91.308708]
[139.314438,152.071228]
[205.041519,104.221138]
[159.997467,216.695114]
[168.367020,83.427261]
[83.382256,90.454010]
[179.879410,84.387398]
[130.921875,80.192833]
[94.582077,216.641876]
[162.592087,189.805573]
[144.360748,207.939346]
[134.985184,195.865021]
[86.172264,107.705444]
[176.611145,193.381104]
[157.726959,161.210312]
[86.124931,107.745842]
[71.533966,91.307884]
[71.532158,91.308578]
[140.237183,147.809769]
[162.750168,151.677139]
[132.204498,111.543388]
[179.877518,84.381096]
[151.813522,85.350754]
[140.277435,129.664673]
[174.691895,214.314545]
[154.565720,102.323784]
[142.989090,192.384232]
[152.848862,161.245193]
[141.554276,230.012238]
[133.340851,68.708214]
[90.186920,99.428429]
[197.880951,128.905701]
[151.488281,81.897491]
[124.671455,127.964684]
[176.144089,179.078369]
[8.641268,196.255295]
[144.364700,207.958511]
[90.184853,99.427017]
[180.971909,124.273766]
[90.187225,99.431374]
[174.453735,179.654633]
[157.956802,161.336868]
[104.243866,116.896004]
[179.917816,123.976479]
[165.867798,180.263382]
[141.553726,230.010162]
[166.624588,119.306206]
[176.610733,193.380798]
[71.537857,91.306969]
[129.880768,148.669266]
[164.953857,85.498154]
[168.219620,205.395584]
[142.186615,160.355438]
[159.356827,94.694763]
[141.404358,99.200569]
[124.680260,127.968315]
[163.360229,66.856918]
[156.594955,236.616592]
[163.357376,66.875648]
[144.361649,207.952316]
[141.553757,230.008652]
[149.166077,132.832062]
[199.630630,125.566933]
[133.730957,176.554550]
[146.067673,192.226974]
[133.345322,68.715759]
[164.945450,141.968460]
[162.271927,67.034485]
[133.337265,68.700539]
[133.777893,176.645782]
[154.574677,182.172211]
[133.780548,176.654114]
[180.690842,216.322205]
[194.368591,164.926407]
[166.162109,119.408279]
[149.290604,175.557480]
[200.310806,134.512024]
[152.175232,236.540527]
[168.167816,103.595428]
[147.998444,114.562988]
[174.573700,219.666519]
[176.145111,179.079224]
[159.984802,216.713486]
[125.508118,104.571259]
[133.775696,176.640961]
[143.252167,103.816566]
[205.051849,104.242340]
[159.984818,216.713303]
[162.957047,139.099915]
[8.644043,196.252533]
[162.526657,56.041824]
[194.367325,164.907974]
[185.818253,177.460007]
[124.681282,127.966675]
[176.056717,63.492016]
[133.344513,68.714478]
[94.582687,216.644211]
[136.637390,153.172882]
[146.527786,114.210220]
[169.346558,86.335236]
[149.608932,189.873367]
[132.989807,149.863907]
[94.582550,216.641418]
[115.577103,197.008270]
[163.357376,66.875832]
[124.671707,127.964523]
[133.343170,68.716751]
[174.452484,179.680588]
[163.367828,66.864319]
[141.553406,230.008728]
[194.368835,164.920685]
[105.845406,125.413155]
[147.507843,223.598267]
[126.913223,152.736664]
[170.460052,164.299713]
[176.147217,179.075836]
[131.734894,198.773926]
[162.279083,67.020584]
[96.551773,234.289383]
[189.700394,174.940628]
[-1.000000,-1.000000]
[110.158127,111.393517]
[133.345856,68.723251]
[96.550514,234.288116]
[179.061569,62.625282]
[133.259445,176.541260]
[91.712189,122.697105]
[162.640137,106.295578]
[130.906464,80.197067]
[133.722885,159.587448]
[-1.000000,-1.000000]
[112.304283,194.381439]
[176.608627,193.386124]
[125.937843,150.023895]
[155.844345,176.621628]
[133.345764,68.715759]
[8.641301,196.255386]
[149.450119,126.188614]
[187.072662,65.480339]
[116.451439,193.128387]
[90.178146,99.425621]
[147.997162,114.564545]
[94.583321,216.644501]
[109.001961,202.707306]
[160.817017,216.252869]
[176.610092,193.383286]
[177.758255,210.302887]
[104.855843,205.849701]
[71.553284,91.302078]
[127.800537,224.480423]
[205.040985,104.242897]
[176.608917,193.384964]
[194.369644,164.931519]
[-1.000000,-1.000000]
[194.367065,164.904861]
[194.368484,164.920609]
[-1.000000,-1.000000]
[108.427650,198.278839]
[72.731201,105.729813]
[163.355042,66.870956]
[149.477859,228.680801]
[110.736336,192.863464]
[122.596275,154.263840]
[165.852585,180.223190]
[179.853546,84.536209]
[175.846695,71.962448]
[207.202362,92.725014]
[131.675781,56.153698]
[173.658859,168.940567]
[190.650742,178.919662]
[94.582687,216.642746]
[131.727264,201.901428]
[149.481613,92.523117]
[156.299942,173.349396]
[105.673767,204.551208]
[178.821747,68.340630]
[-1.000000,-1.000000]
[-1.000000,-1.000000]
[-1.000000,-1.000000]
[-1.000000,-1.000000]
[-1.000000,-1.000000]
[160.168365,116.326271]
[94.582359,216.642517]
[-1.000000,-1.000000]
[-1.000000,-1.000000]
[122.874054,192.264954]
[160.812225,216.250320]
[-1.000000,-1.000000]
[181.281738,169.022659]
[176.266785,192.833878]
[-1.000000,-1.000000]
[71.556168,91.301559]
[162.749039,151.678497]
[-1.000000,-1.000000]
[133.342422,68.725708]
[174.399399,163.573685]
[157.701172,161.179443]
[155.730408,131.039276]
[137.965042,161.392990]
[-1.000000,-1.000000]
[94.583481,216.645264]
[-1.000000,-1.000000]
[128.733093,194.171234]
[170.542709,90.662689]
[-1.000000,-1.000000]
[122.195587,108.244125]
[-1.000000,-1.000000]
[195.249374,71.252548]
[-1.000000,-1.000000]
[-1.000000,-1.000000]
[194.368011,164.925018]
[-1.000000,-1.000000]
[169.507767,157.323624]
[-1.000000,-1.000000]
[88.818222,223.982986]
[-1.000000,-1.000000]
[161.060532,133.513123]
[-1.000000,-1.000000]
[-1.000000,-1.000000]
[144.364563,207.957275]
[186.818024,63.140388]
[169.727524,46.751205]
[211.550354,116.896416]
[96.549843,234.289597]
[-1.000000,-1.000000]
[-1.000000,-1.000000]
[-1.000000,-1.000000]
[90.184151,99.430687]
[-1.000000,-1.000000]
[136.237305,156.723206]
[-1.000000,-1.000000]
[188.585358,64.385910]
[8.644308,196.252426]
[-1.000000,-1.000000]
[123.059898,144.759415]
[-1.000000,-1.000000]
[-1.000000,-1.000000]
[164.178848,127.306450]
[-1.000000,-1.000000]
[97.878052,204.861649]
[-1.000000,-1.000000]
[124.450203,109.069084]
[189.328873,65.287621]
[133.779053,176.648712]
[86.124405,107.745506]
