[360.577209,240.582169]
[197.355927,109.992088]
[196.414963,87.673088]
[196.469482,87.694191]
[163.509705,160.816864]
[232.686371,120.832672]
[53.878235,70.641602]
[216.721603,132.165009]
[117.550682,155.851273]
[48.688267,90.744980]
[77.457115,118.342575]
[211.218887,133.687988]
[179.487564,85.234634]
[251.861160,101.237038]
[196.419281,131.608078]
[65.372215,88.410362]
[2.870419,111.285614]
[48.670696,90.729851]
[2.646033,110.909065]
[251.072388,133.793945]
[274.936218,109.542656]
[77.458466,118.343216]
[96.438538,113.620529]
[3.106604,111.590340]
[167.870575,131.032715]
[77.458397,118.344917]
[104.193848,110.955307]
[251.065430,133.811981]
[35.883339,80.523010]
[117.488770,155.904388]
[53.209583,106.930367]
[211.462433,134.157837]
[48.691833,90.749458]
[103.369019,117.168816]
[261.005219,143.919067]
[211.352127,133.588562]
[232.693954,120.843796]
[155.735214,154.138382]
[24.691660,49.882866]
[261.616516,101.742424]
[266.452148,146.670822]
[53.768597,106.581947]
[41.376545,60.603310]
[48.686077,90.752708]
[277.546478,151.071579]
[53.769951,106.582527]
[77.458832,118.346817]
[106.221779,125.450562]
[168.835052,131.157806]
[149.392136,153.425430]
[191.459503,137.715988]
[145.109497,112.346535]
[196.453522,87.689476]
[277.545929,151.073624]
[267.649811,105.951683]
[212.857437,118.745186]
[109.473358,120.606041]
[267.043121,105.489960]
[98.764191,108.015198]
[16.616476,72.343704]
[232.683044,120.820122]
[33.656807,62.626915]
[229.570541,94.594124]
[48.688015,90.750099]
[22.510962,124.712479]
[17.342730,124.466957]
[13.906108,77.424484]
[134.533173,132.072144]
[251.485229,100.941437]
[251.480423,100.939735]
[212.892578,118.678421]
[93.209991,127.171463]
[53.663048,106.541710]
[270.340271,106.967468]
[24.810749,50.008057]
[38.114208,124.642464]
[277.486298,151.163528]
[48.681934,90.523422]
[117.478630,155.936127]
[148.431488,156.548203]
[34.310196,44.830795]
[24.861805,50.007431]
[53.206467,106.894386]
[251.059982,133.792755]
[232.682709,120.839180]
[212.898575,118.580261]
[117.484314,155.941772]
[281.725861,119.400841]
[103.359192,117.171715]
[15.007424,122.116470]
[196.232376,109.527115]
[219.432953,97.073738]
[232.682358,120.820038]
[134.522980,132.072388]
[277.487885,151.157852]
[18.700043,122.884850]
[53.337498,106.789650]
[77.457062,118.343903]
[218.197845,118.736053]
[59.160156,121.148392]
[77.457703,118.343933]
[53.679390,106.544601]
[221.058167,123.756836]
[146.095703,62.992992]
[163.512436,160.817734]
[196.399170,87.672470]
[260.441223,135.974945]
[251.066025,133.811966]
[97.863243,99.160782]
[251.064346,133.805206]
[101.058075,113.771851]
[11.088812,121.493019]
[225.628723,95.728867]
[3.012409,95.210625]
[168.835953,131.157944]
[77.457672,118.341911]
[281.735352,119.388306]
[36.918846,73.375397]
[281.725342,119.400993]
[160.232422,96.936043]
[219.413483,97.091179]
[133.187683,132.217850]
[34.346119,44.870235]
[149.766922,103.282654]
[99.988121,97.806488]
[160.011047,150.327988]
[240.709595,109.520798]
[3.061795,111.540131]
[136.149323,151.322891]
[212.889603,118.665085]
[281.728302,119.400398]
[211.397400,133.537262]
[117.685181,100.503220]
[187.572464,131.236908]
[24.976665,49.614250]
[134.525650,132.074768]
[96.860435,128.519836]
[204.357010,111.614403]
[251.863083,101.235435]
[229.571411,94.592583]
[133.181091,132.220947]
[152.490738,154.432587]
[266.885925,123.748367]
[207.128067,100.219055]
[277.511322,151.121490]
[181.895706,127.235641]
[19.125385,66.375992]
[251.882126,101.235046]
[163.506989,160.826965]
[235.715698,134.862976]
[116.822586,128.171021]
[265.199493,143.553024]
[290.450378,150.225983]
[103.642021,99.952980]
[263.645569,127.246338]
[206.347229,101.658623]
[134.512619,132.078796]
[77.458397,118.344917]
[196.471375,87.695786]
[134.523895,132.071991]
[117.491821,155.897018]
[267.685944,105.960800]
[117.225807,101.485931]
[72.476700,109.384048]
[163.528580,102.656616]
[277.495941,151.170013]
[30.809597,69.975632]
[268.325195,106.385506]
[232.694016,120.826813]
[251.061188,133.792694]
[110.272667,107.142838]
[115.354477,115.341248]
[178.833939,153.332077]
[118.267151,99.938995]
[135.044922,157.558380]
[108.698433,131.747421]
[118.266533,99.939949]
[251.862030,101.233551]
[165.285904,96.568954]
[34.289040,44.813324]
[123.823105,179.675751]
[251.074112,133.795181]
[214.534790,89.160179]
[27.419468,47.670639]
[23.175821,124.859451]
[118.770889,121.598320]
[218.901276,97.552162]
[134.545654,132.077087]
[53.782562,106.582504]
[117.486542,155.941833]
[181.596802,131.215576]
[263.582642,134.621460]
[251.074066,133.793594]
[134.537933,132.071381]
[257.317657,149.786087]
[145.480469,156.222153]
[111.130409,127.886307]
[251.076736,133.803406]
[251.879593,101.204872]
[150.346558,102.684700]
[277.490997,151.101196]
[260.463867,152.503662]
[110.821236,135.942154]
[234.186539,132.518143]
[92.202545,104.396049]
[196.397614,87.672150]
[281.725311,119.401062]
[196.461334,87.687881]
[281.735962,119.366112]
[168.825043,131.168457]
[281.726715,119.400414]
[135.021240,154.665924]
[195.698120,109.325027]
[212.896393,118.646317]
[22.867119,63.638504]
[29.351713,66.277603]
[212.597763,121.112808]
[180.476501,94.768356]
[254.916595,146.167343]
[251.060745,133.794128]
[239.976196,110.947174]
[14.023312,77.241653]
[162.944183,96.537933]
[251.897903,101.211426]
[34.190552,44.770393]
[290.349335,144.183807]
[267.365479,155.214005]
[268.250366,123.345840]
[29.076767,63.521168]
[75.853912,108.222549]
[39.425362,114.586601]
[24.838772,49.991318]
[279.166809,134.708282]
[277.483154,151.164734]
[111.688545,103.214737]
[-1.000000,-1.000000]
[102.958344,104.629463]
[66.930214,104.659309]
[232.694199,120.844444]
[48.639008,90.627899]
[151.776001,127.329056]
[114.455902,132.981903]
[260.619873,119.577309]
[3.073840,111.535988]
[209.108017,96.579712]
[48.655350,90.676254]
[3.062837,111.539017]
[51.509014,122.866318]
[152.825409,98.904312]
[196.470474,87.695122]
[184.757919,89.696548]
[282.965118,141.949158]
[212.894058,118.597237]
[241.910294,113.535393]
[173.930420,97.617653]
[77.685860,151.201126]
[73.749176,104.259407]
[98.249603,179.008102]
[163.671539,96.673615]
[219.433563,97.074745]
[35.884277,77.283440]
[173.347641,160.320602]
[94.336548,155.631302]
[264.921967,129.861618]
[164.104065,102.751053]
[168.837128,131.159241]
[180.924957,131.544464]
[247.797852,119.093010]
[35.605019,69.083847]
[264.428101,153.436768]
[247.773666,118.946121]
[77.457809,118.344276]
[287.704193,129.518097]
[107.181747,106.216003]
[149.779053,103.215172]
[267.134460,125.792534]
[97.429337,136.434082]
[149.708359,103.147545]
[264.535919,125.486282]
[264.331299,123.090759]
[97.264397,131.432587]
[360.575897,19.122749]
[116.968475,136.214264]
[96.358170,152.473541]
[241.117310,98.507614]
[171.464539,81.599197]
[31.172838,62.581387]
[161.135162,96.669647]
[60.432259,92.686455]
[67.599686,112.445694]
[288.580170,137.629120]
[277.509979,151.114212]
[266.672394,121.462639]
[41.225376,59.841949]
[92.567970,136.972290]
[252.705704,122.218880]
[273.446503,139.680023]
[247.763748,119.150978]
[163.519760,160.812424]
[234.336533,105.873810]
[152.804001,98.999298]
[286.510681,132.453873]
[176.084366,105.301369]
[114.949341,109.060303]
[95.488884,106.775162]
[241.675369,120.721512]
[196.435120,87.686455]
[211.571564,104.406868]
[281.726715,119.401581]
[159.090897,134.668701]
[276.221222,127.210739]
[219.434189,97.074005]
[277.906372,150.996140]
[277.823975,151.028137]
[180.712509,149.927765]
[58.855942,118.312584]
[186.653748,95.535667]
[133.187637,132.223633]
[61.806465,99.206482]
[133.232086,132.213211]
[117.223785,101.490334]
[171.485580,94.881721]
[117.548691,155.860458]
[269.515900,120.925552]
[251.061005,133.792770]
[195.747879,99.134239]
[265.725464,132.678192]
[244.067245,120.107430]
[118.266388,99.939331]
[213.343216,101.302765]
[14.736274,92.978020]
[104.623505,136.525085]
[77.457489,118.344376]
[96.552856,119.894836]
[65.425034,99.757797]
[275.215698,125.045387]
[17.152271,100.413330]
[177.017456,97.423973]
[149.709305,103.160149]
[264.439331,124.300690]
[277.778015,150.973129]
[167.870575,131.033539]
[184.976761,165.162628]
[198.971909,107.050568]
[244.135849,118.677933]
[251.460190,100.954178]
[212.889938,118.604523]
[154.789139,134.965698]
[39.669388,66.845306]
[251.615570,119.077332]
[53.678398,106.557289]
[53.207672,106.890633]
[156.591492,98.054985]
[169.355820,166.251373]
[117.199341,101.487625]
[212.896683,118.688782]
[183.467880,93.685692]
[224.611633,135.144653]
[219.509186,105.047768]
[145.576157,26.138775]
[77.736961,69.048134]
[279.883240,128.256470]
[246.541748,123.871529]
[210.592606,107.116188]
[147.774078,69.507080]
[213.134796,118.490128]
[130.537888,168.468338]
[207.247375,97.478874]
[264.152466,121.599892]
[117.498711,155.891312]
[266.835327,127.703224]
[159.272537,126.039886]
[251.495880,100.968353]
[260.561584,148.483810]
[115.849617,169.945923]
[117.486565,155.902115]
[227.724304,94.809715]
[57.313789,68.614761]
[281.729553,119.399849]
[152.856750,99.090668]
[281.735382,119.366348]
[271.612610,120.760963]
[34.360790,44.879757]
[184.985886,165.162338]
[3.061367,111.546211]
[168.837143,131.157623]
[77.711304,151.198486]
[34.311783,44.836426]
[93.122650,163.249390]
[251.072983,133.794678]
[247.817841,118.975021]
[133.179993,132.217255]
[163.491196,160.837784]
[268.477051,125.363823]
[249.613876,117.524109]
[197.666885,124.287392]
[117.547073,155.879120]
[175.458099,153.644882]
[63.244137,66.964432]
[77.725952,151.236801]
[74.664719,67.102081]
[168.834900,131.158081]
[77.728806,151.228241]
[288.878479,156.487854]
[77.458160,118.344284]
[9.813300,104.224922]
[88.317459,165.352615]
[145.521225,61.963089]
[135.639526,168.276810]
[77.728157,151.230469]
[7.025203,94.006042]
[18.793839,86.857826]
[273.554169,127.132957]
[149.728714,167.548981]
[153.468979,85.238297]
[164.729004,166.415558]
[102.338226,170.208633]
[29.529121,72.874207]
[276.963898,129.510284]
[82.290703,161.804504]
[120.096306,165.641098]
[77.728714,151.253983]
[77.707489,151.199097]
[269.438721,135.159698]
[167.870483,131.033264]
[105.434280,128.534271]
[163.506989,160.826965]
[244.271393,114.499451]
[151.525940,149.683472]
[247.834610,119.122574]
[154.080536,113.329285]
[205.704453,82.046188]
[101.988564,167.121063]
[242.177353,118.608315]
[58.991508,88.054253]
[163.506104,160.820480]
[203.321747,82.988182]
[243.123322,107.815216]
[69.748184,99.133636]
[247.778168,118.927063]
[147.778778,69.504913]
[164.085739,161.495758]
[52.674023,119.003098]
[123.274414,168.092102]
[184.985977,165.161804]
[72.564163,83.813103]
[149.096054,149.420502]
[269.263794,137.134430]
[238.601273,110.906494]
[215.287842,83.977768]
[273.210297,133.422577]
[279.571045,129.529694]
[147.773285,69.509079]
[93.261055,168.460907]
[216.688797,78.476379]
[251.475662,100.934128]
[143.226151,167.117645]
[128.871429,102.838394]
[77.693985,151.200424]
[90.043800,160.062332]
[184.983368,165.164948]
[70.794235,66.499634]
[219.436325,97.073219]
[48.689980,90.738274]
[164.108185,161.502960]
[163.505997,160.821747]
[99.824509,156.171295]
[2.878072,111.240692]
[251.420456,100.916275]
[101.137154,160.404114]
[163.393188,102.653755]
[2.644830,110.907951]
[-1.000000,-1.000000]
[226.615738,71.223915]
[273.127197,129.314789]
[258.883636,11.602773]
[94.871162,159.848206]
[210.349289,93.529327]
[268.487122,131.788483]
[238.379196,132.144669]
[232.677521,120.797150]
[251.058868,133.799637]
[90.713730,151.904175]
[117.521797,155.863205]
[-1.000000,-1.000000]
[270.347900,129.041580]
[86.290245,133.275574]
[-1.000000,-1.000000]
[276.153961,136.913651]
[252.398727,117.161293]
[104.077469,174.046051]
[200.717163,101.431252]
[160.340622,83.634354]
[251.065475,133.812134]
[160.995987,88.710655]
[235.042252,65.064255]
[95.446815,148.147705]
[229.475052,106.158264]
[242.136276,139.938843]
[163.507904,160.840805]
