[360.571747,240.562408]
[190.432541,128.531250]
[203.020828,109.722137]
[203.052185,109.745674]
[147.075882,176.585403]
[218.524826,145.067993]
[70.565491,62.454334]
[203.887009,154.503387]
[106.373306,160.367538]
[62.777893,80.650505]
[85.329750,114.086159]
[198.552826,155.461563]
[189.682556,105.119034]
[266.591675,129.190063]
[184.210022,151.640594]
[79.438408,81.370140]
[24.784664,90.771378]
[62.773235,80.639534]
[24.634533,90.484818]
[235.810791,163.318359]
[294.367340,140.191895]
[85.330711,114.087044]
[99.755295,114.692123]
[24.908382,91.155777]
[160.133972,149.260162]
[85.330170,114.088295]
[108.205086,113.398315]
[235.812836,163.316528]
[51.631618,69.304985]
[106.299507,160.399719]
[66.915268,98.334167]
[198.698074,155.903549]
[62.772831,80.665405]
[105.352478,119.052040]
[245.034988,173.656265]
[198.613617,155.424469]
[218.520828,145.082321]
[137.909821,166.885559]
[43.448559,37.581764]
[279.462677,130.886871]
[251.240524,177.186615]
[67.509567,98.044586]
[58.711487,48.892159]
[62.780605,80.666077]
[263.568909,183.070145]
[67.510643,98.044762]
[85.329842,114.090714]
[105.980270,127.582504]
[161.152908,149.603119]
[130.111328,164.390030]
[181.905243,160.623428]
[143.642426,124.326057]
[203.035675,109.743958]
[263.568115,183.071487]
[286.739716,136.083099]
[201.668060,140.789490]
[109.960777,123.475327]
[285.924988,135.557343]
[102.832367,109.628693]
[36.902863,58.249615]
[218.519226,145.083511]
[50.843842,50.162552]
[241.943542,118.830963]
[62.777115,80.655365]
[42.721794,106.991837]
[36.688469,105.605469]
[35.091148,62.279976]
[128.888031,140.429337]
[266.237915,128.865982]
[266.229370,128.862610]
[201.713593,140.709717]
[95.253433,127.120857]
[67.431793,97.995132]
[289.999603,137.326355]
[43.555077,37.661549]
[53.508598,109.750763]
[263.533325,183.134689]
[62.803944,80.461784]
[106.286560,160.410828]
[128.992188,167.362885]
[53.199642,32.322613]
[43.565578,37.642311]
[66.918854,98.313934]
[235.808960,163.322128]
[218.519806,145.082870]
[201.734436,140.597839]
[106.282860,160.414627]
[298.924744,150.099426]
[105.316460,119.061333]
[34.585770,102.765900]
[189.927917,127.905380]
[228.877548,121.536400]
[218.518829,145.083450]
[128.878387,140.427826]
[263.528442,183.143280]
[38.350739,104.157982]
[67.121315,98.217552]
[85.329666,114.087311]
[205.689423,142.269348]
[72.043365,113.597763]
[85.330208,114.087654]
[67.444557,98.004517]
[206.876755,147.431839]
[176.148712,86.201424]
[147.080444,176.587402]
[203.020523,109.719788]
[247.607635,166.290527]
[235.813248,163.316299]
[103.505173,100.593681]
[235.810135,163.319946]
[104.286476,115.527588]
[30.622219,101.793175]
[236.868469,119.926636]
[26.598610,75.174728]
[161.153702,149.602951]
[85.330284,114.084450]
[298.933044,150.108978]
[52.896214,61.856102]
[298.923767,150.100189]
[163.146088,114.449692]
[228.828690,121.530571]
[127.992973,140.350372]
[53.248966,32.388496]
[151.297562,117.880821]
[107.381996,99.493965]
[142.935715,164.523224]
[244.658844,134.750549]
[24.895332,91.081520]
[119.273636,159.067398]
[201.720840,140.699097]
[298.928070,150.098480]
[198.643250,155.402100]
[123.588898,105.529068]
[176.306702,150.536621]
[43.688248,37.309639]
[128.881317,140.430389]
[98.422668,128.874161]
[195.964294,130.633194]
[266.593750,129.187866]
[241.945389,118.831238]
[127.986641,140.351959]
[133.944397,166.175476]
[276.467010,153.895584]
[211.300262,123.714470]
[263.529907,183.105560]
[171.831802,146.792389]
[38.274727,53.250465]
[266.594269,129.186584]
[147.053635,176.590851]
[218.922653,159.610718]
[115.568604,133.113770]
[251.105499,174.207947]
[281.240906,184.160339]
[109.588470,102.317543]
[265.419800,160.573669]
[207.501480,125.392014]
[128.862442,140.424286]
[85.330170,114.088295]
[203.053391,109.747589]
[128.878876,140.427551]
[106.303535,160.395859]
[286.723724,136.131531]
[122.689354,106.368301]
[82.429382,102.436951]
[164.988037,121.151375]
[263.536377,183.159119]
[47.718395,57.964424]
[287.553040,136.590805]
[218.519363,145.086975]
[235.808716,163.323364]
[114.765671,110.913841]
[116.738380,119.971703]
[162.840347,173.807541]
[124.280685,105.145973]
[118.412010,165.143173]
[107.410034,134.509781]
[124.280602,105.146317]
[266.593842,129.186615]
[169.232788,114.453217]
[53.172523,32.302418]
[99.836769,182.149841]
[235.810410,163.321243]
[225.565674,112.042412]
[46.337479,35.325317]
[43.452885,107.225304]
[118.421349,127.035179]
[228.222900,122.326591]
[128.899826,140.434875]
[67.518021,98.048347]
[106.284958,160.415237]
[171.768372,150.875061]
[254.502945,166.604202]
[235.810654,163.319427]
[128.892090,140.429230]
[239.841522,178.905914]
[124.204597,165.771774]
[110.377808,131.375244]
[235.813705,163.314972]
[266.624512,129.163330]
[152.099625,117.658607]
[263.535278,183.021149]
[243.207901,181.791824]
[108.709251,139.449707]
[217.434814,156.274124]
[96.931610,105.043793]
[203.007660,109.717545]
[298.923981,150.098892]
[203.046112,109.740715]
[298.926575,150.106842]
[161.142654,149.604294]
[298.925385,150.098282]
[118.387260,162.225067]
[189.720993,127.579391]
[201.721481,140.644135]
[41.503410,51.147778]
[46.664700,54.056931]
[200.647842,143.468231]
[184.967926,115.890198]
[237.665222,175.065918]
[235.808197,163.324036]
[240.333115,136.905823]
[35.168976,62.116905]
[166.720352,114.228081]
[266.625488,129.161331]
[53.054562,32.257820]
[286.124176,178.068329]
[250.847748,185.994415]
[279.341309,153.562347]
[46.623329,51.135834]
[85.638176,103.002693]
[54.550831,100.039047]
[43.563740,37.649303]
[279.734344,170.450089]
[263.529297,183.136444]
[116.916595,106.857956]
[360.541321,-6.185163]
[107.798592,106.492317]
[78.617874,96.481682]
[218.521255,145.083115]
[62.746258,80.553398]
[141.883362,140.393265]
[112.723106,137.328552]
[275.147156,147.146027]
[24.898834,91.084923]
[216.067917,120.039513]
[62.714809,80.585228]
[24.897526,91.080986]
[65.387253,114.516365]
[155.434479,114.843376]
[203.053207,109.747421]
[191.011444,110.441345]
[277.124725,176.470322]
[201.732056,140.606735]
[238.627228,139.623688]
[177.173279,117.586220]
[75.153839,148.526932]
[84.848091,97.866524]
[92.014992,178.522934]
[167.515106,114.433838]
[228.877319,121.537361]
[51.716885,65.976166]
[157.634506,179.989258]
[88.807243,154.677017]
[263.283264,163.547699]
[165.458328,121.340149]
[161.155228,149.605087]
[171.535156,151.322998]
[244.048660,147.457001]
[52.067722,57.031742]
[247.533295,183.483994]
[244.836304,146.550201]
[85.329865,114.087646]
[298.164001,162.597977]
[111.836418,109.241089]
[151.334274,117.825966]
[273.561523,158.727127]
[97.889915,136.918640]
[151.342438,117.778954]
[269.280457,158.241577]
[273.242767,152.387909]
[98.612816,131.901031]
[360.567047,54.646938]
[114.289032,141.366745]
[90.996658,151.538040]
[254.211685,124.520149]
[186.447784,100.867889]
[48.577862,50.232975]
[164.474960,114.287384]
[74.294022,84.527786]
[78.047966,104.438652]
[289.853485,171.850357]
[263.545288,183.081711]
[279.616211,150.525436]
[58.640026,47.963573]
[92.796707,136.269165]
[249.267273,152.818619]
[265.877930,172.721878]
[243.746353,147.575806]
[147.080292,176.586823]
[241.662262,130.040100]
[155.409821,115.012573]
[293.409363,167.182663]
[175.126160,125.374146]
[119.128403,113.734077]
[99.509941,107.790756]
[229.103897,148.354553]
[203.025269,109.739670]
[212.003082,127.391335]
[298.925903,150.102081]
[148.160965,150.011581]
[285.368195,160.534866]
[228.878571,121.536476]
[264.274048,183.203186]
[264.201172,183.215683]
[164.831497,170.763885]
[71.895554,110.642441]
[191.595322,116.564613]
[127.992256,140.354370]
[75.318939,91.391991]
[128.006012,140.353760]
[122.703392,106.364037]
[175.768021,113.786781]
[106.371483,160.372192]
[284.594971,150.968262]
[235.809418,163.321991]
[198.384491,121.079338]
[260.897491,165.921112]
[232.546143,148.922943]
[124.280724,105.146187]
[217.480255,123.998871]
[38.072197,73.532471]
[103.337708,138.662201]
[85.329437,114.086891]
[99.114532,120.736794]
[78.458984,92.378578]
[287.346619,156.587280]
[40.089554,80.639328]
[180.210968,118.309402]
[151.349518,117.792671]
[270.859558,155.250443]
[264.091858,183.157639]
[160.133560,149.260361]
[168.492889,186.343231]
[193.707764,127.220947]
[234.575867,146.449265]
[266.226135,128.866302]
[201.726410,140.620514]
[142.963242,148.442963]
[56.154217,54.995659]
[256.826355,143.454483]
[67.438751,98.001434]
[66.930969,98.308899]
[158.917114,114.678169]
[153.408096,184.354385]
[122.689125,106.363091]
[201.707718,140.716858]
[188.571579,114.651909]
[209.597351,156.682388]
[219.382599,128.929962]
[257.976562,1.925294]
[91.061768,63.816559]
[289.399475,162.127380]
[233.432831,153.401123]
[208.051712,129.049255]
[173.845108,89.524887]
[201.829102,140.555084]
[115.914909,175.368256]
[213.402557,121.327576]
[275.614319,150.147018]
[106.310852,160.393402]
[270.680664,162.172058]
[149.909149,141.703568]
[266.248413,128.923157]
[242.991882,177.755997]
[104.110985,173.676926]
[106.297974,160.397766]
[239.495331,119.179810]
[74.586906,61.233326]
[298.929626,150.097931]
[155.388351,115.115051]
[298.924896,150.107727]
[287.312256,150.712234]
[53.257992,32.393677]
[168.506470,186.346603]
[24.893288,91.088676]
[161.155746,149.603104]
[75.163300,148.522659]
[53.206295,32.335411]
[87.058594,162.111923]
[235.810059,163.319901]
[244.630890,146.925064]
[127.993149,140.350784]
[147.006302,176.583313]
[276.446777,157.589218]
[254.528076,140.702911]
[185.314651,144.301743]
[106.369705,160.382874]
[159.622879,173.864761]
[79.725868,60.239738]
[75.164284,148.566284]
[87.871841,61.887737]
[161.152237,149.603317]
[75.169891,148.556519]
[275.122040,189.772293]
[85.329971,114.087852]
[32.690117,84.064034]
[82.872093,163.965790]
[176.229004,85.961494]
[118.998314,176.071930]
[75.168503,148.559021]
[30.637362,74.093033]
[40.575237,69.887177]
[281.637573,160.893799]
[131.754456,179.051498]
[166.433212,101.409775]
[148.311539,182.717819]
[93.543983,170.322113]
[46.602859,61.031185]
[283.463531,165.292572]
[77.279312,159.812347]
[108.139183,170.945297]
[75.160751,148.566696]
[75.160751,148.523560]
[265.271301,168.592514]
[160.134048,149.260406]
[105.091515,130.606995]
[147.053635,176.590851]
[243.853073,139.614777]
[132.989929,161.245529]
[243.927612,147.614838]
[149.932220,128.328156]
[218.224930,104.780540]
[93.399734,167.296539]
[231.606415,145.061066]
[73.241684,79.569252]
[147.049255,176.584091]
[215.534470,106.230843]
[251.836411,132.982910]
[82.577324,92.288055]
[245.089783,146.361465]
[173.844803,89.521187]
[147.653244,177.543610]
[66.355072,110.649353]
[110.500679,173.768021]
[168.505997,186.345795]
[87.376137,78.051346]
[130.114960,160.377472]
[262.595947,170.041275]
[237.556641,136.968536]
[227.321320,106.892494]
[273.287659,168.553009]
[287.184723,164.995346]
[173.842728,89.529556]
[87.323570,167.198868]
[229.111954,101.198128]
[266.230164,128.861694]
[124.010185,176.609528]
[137.678680,109.568008]
[75.163422,148.522385]
[84.601967,158.809692]
[168.499817,186.346924]
[84.363159,61.084896]
[228.915298,121.562340]
[62.771526,80.655975]
[147.670074,177.555389]
[147.049194,176.584991]
[92.263084,155.679718]
[24.770485,90.719505]
[266.217590,128.857635]
[92.653137,159.969482]
[164.777878,121.178207]
[24.633545,90.483635]
[-1.000000,-1.000000]
[242.306732,97.502014]
[278.439087,165.023895]
[301.718292,36.532616]
[88.994804,158.848999]
[218.811111,116.576958]
[267.743958,166.066330]
[221.815125,157.318787]
[218.523895,145.055161]
[235.805939,163.328140]
[86.412224,150.603043]
[106.346130,160.371140]
[-1.000000,-1.000000]
[274.924408,164.737061]
[89.040810,131.423645]
[-1.000000,-1.000000]
[272.765839,171.613480]
[261.961304,142.465485]
[95.149635,174.614670]
[199.909271,123.901825]
[174.513031,101.426285]
[235.813004,163.316803]
[171.839020,106.105614]
[257.293701,95.685913]
[90.910568,147.371399]
[235.566025,130.536133]
[225.430130,167.388718]
[147.006500,176.585480]
